TF	M1	M2	M3	M4	M5	M6	M7	M8	M9	M10
Afp	0.99037412	0.0	0.0	0.0	0.0	0.0	0.0	0.0	0.0	0.0
Ahr	0.17094773	0.0608978	0.21890606	0.0	4.13e-06	0.28380686	0.0	0.0	0.2487233	0.01312251
Alx1	0.0	0.0	0.0	0.23140191	0.0	0.0	0.0	0.31758317	0.11567693	0.33278615
Alx4	0.0	0.00309523	0.22630784	0.38863981	0.0	0.0678109	0.25988005	0.05177435	0.0	0.0
Ar	0.0	0.0	0.0	0.36901338	0.0	0.2681164	0.34146676	0.00572912	0.0	0.01142249
Arhgef12	0.90465142	0.0	0.00613205	0.0	0.0	0.0	0.0	0.052199	0.0	0.02600041
Arid5a	0.0	0.0	0.02196074	0.0	0.0	0.10770805	0.0	0.0	0.86223752	0.0
Arnt	0.14781998	0.15104298	0.06594348	0.12108653	0.1485822	0.01520952	0.12559167	0.10900037	0.09888772	0.01548141
Arnt2	0.0	0.29623153	0.02689509	0.13303949	0.0	0.0	0.26516208	0.0	0.19390991	0.08212894
Arntl	0.0	0.0	0.0	0.0	0.0	0.0	0.0	0.99173356	0.0	0.0
Arntl2	0.0	0.0	0.0	0.0	0.0	0.0	0.0	0.0	0.0	0.0
Atf2	0.0	0.0	0.0	0.0	0.0	0.98118394	0.0	0.0	0.0	0.0
Atf3	0.0	0.0	0.0	0.0	0.0	0.0	0.0	0.0	0.0	0.0
Atf4	0.99150722	0.0	0.0	0.0	0.0	0.0	0.0	0.0	0.0	0.0
Atf5	0.0	0.0	0.0	0.0	0.0	0.0	0.0	0.0	0.0	0.0
Atf6	0.29602674	0.0	0.04096268	0.0	0.11935572	0.0	0.0	0.0	0.49772992	0.0
Atf6b	0.29891597	0.0	0.04136295	0.0	0.12052118	0.0	0.0	0.0	0.50258625	0.0
Atf7	0.0	0.0	0.0	0.0	0.0	0.98677751	0.0	0.0	0.0	0.0
Barhl1	0.0	0.0	0.0	0.07156426	0.0	0.0	0.40945515	0.0	0.0	0.51489535
Barhl2	0.0	0.80657627	0.0	0.0	0.0	0.0	0.0	0.00387515	0.18241962	0.0
Barx1	0.0	0.0	0.0	0.39517713	0.0	0.0	0.58653265	0.01255016	0.0	0.0
Barx2	0.0	0.0	0.04529548	0.0	0.0	0.0	0.0	0.0	0.94484595	0.0
Batf	0.0	0.0	0.0	0.0	0.0	0.0	0.0	0.0	0.0	0.0
Batf3	0.0	0.0	0.0	1.079e-05	0.0	0.0	0.88785537	0.0	0.0	0.01977525
Bbx	0.0	0.0	0.0	0.0	0.0	0.0069554	0.0	0.0	0.05241641	0.58539123
Bcl2	0.0	0.0	0.0	0.96456296	0.0	0.0	0.0	0.02165377	0.0	0.0
Bdp1	0.0	0.0	0.01769027	0.0	0.0	0.03270886	0.0	0.28198039	0.0	0.6626421
Bhlha15	0.0	0.0	0.0	0.0	0.01606524	0.0	0.0	0.92190629	0.0	0.05474563
Bptf	0.0	0.0	0.01333564	0.0	0.6470079	0.0	0.0	0.0	0.33380344	0.0
Ccnt2	0.0	0.0	0.13819612	0.00521766	0.0	0.19070142	0.0	0.0	0.37601954	0.28499096
Cebpa	0.0	0.0	0.00572394	0.0	0.32050806	0.0	0.0	0.40718926	0.25470806	0.0084629
Cebpb	0.0	0.0	0.0	0.0	0.66072292	0.00827481	0.0	0.01478499	0.31012489	0.0
Cebpd	0.0	0.0	0.05928006	0.0	0.38442603	0.07010709	0.0	0.43832421	0.03707865	0.00740165
Cebpe	0.0	0.01766851	0.0	0.0477773	0.15728502	0.07209158	0.02166978	0.07854732	0.58155607	0.0
Cebpg	0.18363281	0.0	0.00283671	0.0270238	0.19887098	0.07200452	0.0	0.17102305	0.20880921	0.13367926
Clock	0.13019163	0.11301936	0.08862552	0.13971313	0.09948251	0.05598476	0.09004572	0.13908241	0.00754831	0.13515666
Creb3	0.27534111	0.0	0.04003027	0.0	0.11432648	0.0	0.0	0.0	0.47956967	0.05650813
Creb3l1	0.0	0.35528602	0.0	0.328408	0.0	0.0	0.29495345	0.00569174	0.0	0.01221438
Creb3l2	0.00095986	0.26211754	0.0	0.24043607	0.25608069	0.0	0.22075504	0.00375366	0.0	0.01341463
Creb3l3	0.0	0.0	0.0	0.0	0.0	0.0	0.0	0.0	0.0	0.0
Creb3l4	0.0	0.0	0.0	0.0	0.0	0.0	0.0	0.0	0.0	0.0
Creb5	0.0	0.0	0.0	0.0	0.0	0.98658605	0.0	0.0	0.0	0.0
Cux1	0.15379524	0.12940015	0.04599928	0.03287781	0.10027938	0.02732364	0.03804385	0.18583214	0.15133563	0.13377907
Cux2	0.0	0.0	0.0	0.0	0.0	0.0	0.0	0.0	0.0	0.9907622
Dbp	0.0	0.0	0.0	0.0	0.0	0.97075296	0.0	0.0	0.0	0.0
Dlx3	0.01104415	0.67995378	0.0	0.0	0.0	0.0	0.0	0.0	0.30314097	0.0
Dlx4	0.0	0.5922193	0.0	0.04856742	0.0	0.0	0.0	0.35427426	0.0	0.0
Dlx5	0.01228315	0.0	0.07998422	0.87276353	9e-08	0.0	0.0	0.0	0.0	0.0193378
Dmrta2	0.0	0.0	0.0	0.22799394	0.0	0.02714132	0.31604587	0.41526531	0.0	0.00956834
E2f1	0.0	0.24405812	0.01318199	0.0	0.24260242	0.0	0.2173502	0.0	0.28072371	0.0
E2f2	0.26151409	0.0	0.0	0.0	0.24267534	0.0	0.0	0.26991205	0.22384756	0.0
E2f3	0.19924728	0.0	0.0208788	0.13763652	0.17409645	0.11611687	0.14745948	0.00052369	0.20252492	0.0
Egr1	0.14733027	0.12105141	0.10878336	0.11340596	0.12112002	0.01819361	0.10064089	0.0	0.15272851	0.11556775
Egr2	0.0	0.0	0.0	0.00382524	0.35735803	0.0	0.0	0.0	0.50730709	0.12708578
Egr3	0.0	0.0	0.13538275	0.0222911	0.11851459	0.04103819	0.15871198	0.0	0.23651344	0.28572764
Egr4	0.0	0.29677084	0.00167457	0.0	0.33076858	0.0	0.0	0.0	0.01619054	0.35188027
Ehf	0.03078974	0.0	0.0	0.00163074	0.0	0.0	0.0	0.0	0.94550743	0.0
Elf1	0.14530853	0.10913316	0.02170736	0.0	0.13123348	0.0748119	0.0398522	0.09733757	0.14461693	0.23479052
Elf2	0.10858357	0.09426797	0.12374428	0.0	0.11405075	0.15737664	0.09945225	0.12186998	0.05973009	0.11986867
Elf3	0.0	0.0	0.0	0.0	0.0	0.0	0.0	0.0	0.0	0.0
Elf4	0.00518538	0.18463219	0.01667434	0.0	0.18424767	0.03643829	0.09268855	0.04593044	0.32310415	0.10946348
Elf5	0.0	0.0	0.0	0.0	0.0	0.0	0.0	0.0	0.0	0.0
Elk1	0.0	0.11193063	0.09686831	0.09502509	0.14986082	0.04717437	0.12526238	0.06189114	0.15185147	0.15875718
Elk3	0.0	0.0	0.33058252	0.0	0.06986892	0.36261778	0.0	0.0	0.22364538	0.01119436
Elk4	0.12228918	0.09255366	0.19694491	0.03839272	0.05009708	0.16347649	0.11336812	0.05376189	0.08775205	0.08008959
En1	0.0	0.0	0.0	0.0	0.99117505	0.0	0.0	0.0	0.0	0.0
En2	0.0	0.0	0.0	0.0	0.0	0.37411026	0.61996106	0.0	0.0	0.0
Eomes	0.0	0.0	0.0	0.0	0.0	0.01165361	0.0	0.0	0.01923098	0.95229493
Epas1	0.0	0.0	0.0	0.0	0.0	0.0	0.0	0.0	0.0	0.0
Erf	0.12669467	0.10980686	0.05104181	0.02197084	0.10582286	0.16279341	0.08838774	0.05175567	0.13913299	0.14155374
Erg	0.0	0.0	0.51330535	0.0	0.0	0.48420683	0.0	0.0	0.0	0.0
Esrra	0.4834607	0.3792784	0.00475336	0.0	0.0	0.0	0.0	0.0	0.0	0.1288122
Esrrg	0.47657775	0.02250669	0.0	0.0	0.0	0.0	0.0	0.0	0.0	0.49706791
Esx1	0.0	0.0	0.0	0.25785798	0.33942744	0.0	0.0	0.38736437	0.01245048	0.0
Ets1	0.0	0.0	0.32075513	0.0	0.0	0.46097605	0.0	0.0	0.03150695	0.18418205
Ets2	0.05674332	0.11937076	0.24549724	0.02152899	0.0	0.27269641	4.1e-07	0.09601317	0.18654743	0.0
Etv1	0.19808031	0.0	0.28124652	0.21108041	0.0	0.01850325	0.14103582	0.0	0.1486041	0.0
Etv3	0.1337985	0.05888735	0.03260109	0.0	0.09002391	0.09874352	0.07526107	0.15528764	0.25377456	0.09998946
Etv4	0.31612512	0.0	0.13035336	0.00245591	0.0	0.0	0.23679363	0.29070655	0.02131851	0.0
Etv5	0.0	0.0	0.0	0.0	0.0	0.0	0.0	0.87099725	0.12190515	0.0
Ewsr1	0.0	0.01999111	0.76435949	0.05314956	0.0	0.01394281	0.0	0.0	0.0	0.0
Fli1	0.0	0.0	0.28137704	0.0	0.0	0.2874338	0.0	0.0	0.31646288	0.11312276
Foxa1	0.0	0.0	0.0	0.0	0.0	0.0	0.0	0.52747766	0.0	0.46867652
Foxa2	0.0	0.0	0.0	0.0	0.0	0.0	0.0	0.52908739	0.0	0.46700337
Foxa3	0.0	0.0	0.0	0.39958894	0.0	0.0	0.0	0.59583042	0.0	0.0
Foxc1	0.0	0.26111284	0.40016007	0.0	0.0	0.04631121	0.0	0.0	0.0	0.29016239
Foxc2	0.0	0.39616415	0.52949342	0.0	0.0	0.06473571	0.0	0.0	0.0	0.00626812
Foxd1	0.0	0.0	0.0	0.94939169	0.0	0.0	0.0	0.02396867	0.0	0.0
Foxd2	0.0	0.15379427	0.24219629	0.00997047	0.0	0.14886596	0.0	0.0	0.22415931	0.21616772
Foxd3	0.0	0.5848131	0.0	0.0	0.0	0.41022743	0.0	0.0	0.0	0.0
Foxg1	0.0	0.25672913	0.12611493	0.09592097	0.25212188	0.07479947	0.0	0.19213673	0.0	0.0
Foxj1	0.4403374	0.0	0.0	0.0	0.0	0.0	0.0	0.0	0.0	0.55454669
Foxj2	0.18605557	0.15374498	0.09695171	0.02789195	0.15532598	0.01464773	0.1294569	0.11251735	0.07288406	0.0492139
Foxj3	0.14789689	0.12496748	0.11664015	0.04220666	0.13430664	0.02937984	0.11121916	0.11693194	0.00911738	0.16618602
Foxk1	0.0	0.90401347	0.0	0.06980896	0.0	0.0	0.0	5.241e-05	0.0	0.0
Foxk2	0.0	0.67360096	0.0	0.31164244	0.0	0.0	0.0	0.00654651	0.0	0.0
Foxl1	0.0	0.23866536	0.09122494	0.64961901	0.0	0.0	0.0	0.01359979	0.0	0.0
Foxo1	0.0132059	0.13317803	0.0	0.09057215	0.0	0.20451014	0.16664989	0.0432191	0.02802142	0.31883223
Foxo3	0.16268921	0.14913622	0.02493396	0.14216605	0.06261059	0.02340027	0.12170725	0.20120091	0.05862613	0.05226363
Foxo4	0.13959065	0.13157418	0.028763	0.09166733	0.07975417	0.06488616	0.11025839	0.15911357	0.04050217	0.15275055
Foxo6	0.2548238	0.19456625	0.0	0.0	0.0	0.0	0.0	0.28271245	0.0	0.2656452
Foxp1	0.0	0.0	0.0	0.0	0.41974548	0.02371579	0.0	0.05747245	0.39128382	0.0
Foxp2	0.0	0.0	0.0	0.0	0.0	0.0	0.0	0.0	0.0	0.0
Foxp4	0.0	0.0	0.0	0.0	0.94774209	0.0	0.0	0.0	0.0	0.0
Foxs1	0.0	0.56306401	0.27245128	0.15570444	0.0	0.00334418	0.0	0.00089784	0.0	0.0
Gabpa	0.11944393	0.1395025	0.1532177	0.0785413	0.0	0.08330829	0.11543308	0.05872672	0.12356431	0.12703347
Gata1	0.0	0.0	0.0	0.0	0.04053444	0.00852209	0.76555701	0.0249379	0.15285573	0.0
Gata2	0.0	0.0	0.0	0.00012685	0.0	0.98870624	0.0	0.0	0.0	0.0
Gata3	0.0	0.0	0.0	0.0	0.0	0.94318285	0.0	0.0	0.0	0.0
Gata4	0.00672407	0.00360707	0.0	0.00098941	0.0	0.0	0.95771598	0.0	0.0	0.02163753
Gata5	0.0	0.00324688	0.0	0.00282282	0.0	0.0	0.96188505	0.0	0.0	0.02296014
Gata6	0.0	0.0	0.0	5.68e-06	0.0	0.0	0.44352735	0.0	0.0	0.55174776
Gbx1	0.99203426	0.0	0.0	0.0	0.0	0.0	0.0	0.0	0.0	0.0
Gbx2	0.0	0.0	0.0	0.0	0.0	0.0	0.0	0.0	0.0	0.0
Gcm2	0.0	0.0	0.0	0.0	0.98039823	0.0	0.0	0.0	0.0	0.00936365
Gli1	0.0	0.0	0.0	0.0	0.0	0.0	0.0	0.0	0.0	0.0
Gli2	0.0	0.0	0.0	0.0	0.0	0.0	0.0	0.0	0.0	0.0
Gli3	0.0	0.0	0.0	0.0	0.0	0.0	0.0	0.0	0.0	0.0
Glis2	0.0	0.0	0.0	0.0	0.0	0.0	0.0	0.0	0.0	0.0
Gmeb1	0.0	0.0	0.19825993	0.07694553	0.0	0.0	0.0	0.0	0.28173614	0.43923073
Grhl1	0.0	0.27637389	0.00884378	0.0	0.24948882	0.0	0.0	0.40690519	0.04290055	0.01266682
Grhl2	0.0	0.0	0.01139708	0.0	0.0	0.0	0.0	0.96086313	0.0	0.02069317
Gsx2	0.0	0.0	0.0	0.40542179	0.0	0.0	0.0	0.59006013	0.0	0.0
Gtf2i	0.0	0.0	0.03581547	0.0	0.0	0.0	0.0	0.0	0.93498111	0.0
Hdac2	0.0	0.43471985	0.0	0.0	0.56063279	0.0	0.0	0.0	0.0	0.0
Hes7	0.0	0.26201939	0.12840181	0.00055461	0.23562697	0.0	0.0	0.14657223	0.19816126	0.02569896
Hesx1	0.0	0.0	0.0	0.0	0.0	0.0	0.0	0.0	0.0	0.0
Hif1a	0.0	0.0	0.0	0.0	0.0	0.0	0.0	0.0	0.0	0.0
Hlf	0.0	0.0	0.0	0.0	0.0	0.0	0.0	0.0	0.0	0.0
Hlx	0.0	0.0	0.03091255	0.0	0.0	0.0	0.0	0.0	0.95335871	0.0
Hnf1b	0.46391289	0.0	0.00051366	0.0	0.0	0.0	0.0	0.05393956	0.0	0.47739933
Homez	0.0	0.0	0.0	0.0377237	0.41308597	0.0	0.0	0.0	0.0	0.54355775
Hoxa1	0.00023165	0.22518771	0.1311874	0.28810513	0.0	0.09081967	0.18965078	0.07296418	0.0	0.0
Hoxa13	0.0	0.0	0.0	0.14965667	0.32259025	0.23136969	0.29349539	0.0	0.0	0.0
Hoxa2	0.0	0.17604005	0.2457818	0.19962276	0.0	0.20055431	0.14276782	0.0	0.03378368	0.0
Hoxa3	0.0016385	0.19157053	0.08356197	0.24930283	0.0	0.30484166	0.15824887	0.0	0.0	0.00919617
Hoxa4	0.00129282	0.17436641	0.14004478	0.24442291	0.0	0.26697779	0.162706	0.0	0.0	0.00854595
Hoxa5	0.0	0.23873446	0.0	0.24152638	0.0	0.29454899	0.21167577	0.0	0.0	0.01134471
Hoxa6	0.0	0.23040119	0.31799058	0.17727614	0.22430882	0.04548094	0.0	0.00250422	0.0	0.0
Hoxa7	0.0	0.0	0.39452659	0.25976564	0.0	0.09669693	0.16803589	0.0	0.06464695	0.01463275
Hoxa9	0.0	0.00101441	0.23597345	0.01073616	0.0	0.26797899	0.40703807	0.07310988	0.0	0.0
Hoxb2	0.10459777	0.20927117	0.15362158	0.27962505	0.0	0.07102551	0.18005695	0.0	0.0	0.0
Hoxb3	0.0	0.2297613	0.20270578	0.28946528	0.0	0.07981731	0.18744669	0.0	0.0	0.00887232
Hoxb4	0.00332912	0.18050673	0.19716751	0.2319075	0.0	0.22694291	0.14967986	0.0	0.0	0.00889555
Hoxb5	0.00398697	0.00528164	0.0	0.3801174	0.0	0.35725767	0.25075652	0.0	0.0	0.0
Hoxb6	0.00164969	0.23567242	0.16262788	0.3527586	0.0	0.00149332	0.23456761	0.0	0.0	0.00889266
Hoxb7	0.0	0.24869874	0.16174389	0.35271123	0.0	0.0	0.23459909	0.0	0.0	0.0
Hoxb8	0.02789124	0.12020889	0.17575321	0.37885129	0.0094672	0.0	0.24908259	0.0	0.03636097	0.0
Hoxc13	0.0	0.0	0.3395587	0.0	0.0	0.0	0.27818466	0.33270388	0.04686313	0.0
Hoxc4	0.00322958	0.50258119	0.0	0.0	0.0	0.0	0.47690794	0.0	0.0	0.01293987
Hoxc5	0.0	0.99155266	0.0	0.0	0.0	0.0	0.0	0.0	0.0	0.0
Hoxc6	0.0	0.00222605	0.02319388	0.40020917	0.0	0.0	0.44294315	0.12712169	0.0	0.0
Hoxc8	0.02302636	0.0	0.01936859	0.49867493	0.0	0.0	0.0	0.15911136	0.29430554	0.0
Hoxc9	0.0	0.0	0.0	0.46181793	0.0	0.0	0.5181326	0.01471015	0.0	0.0
Hoxd10	0.0	0.0	0.51889904	0.0	0.0	0.0	0.0	0.0	0.0	0.47689914
Hoxd11	0.03985708	0.0	0.02120196	0.0	0.02769806	0.0	0.0	0.74320602	0.16334838	0.0
Hoxd4	0.0	0.0	0.99236915	0.0	0.0	0.0	0.0	0.0	0.0	0.0
Hoxd8	0.0	0.16929898	0.55027317	0.13301052	0.0	0.0	0.0	0.12485411	0.0	0.01774206
Hoxd9	0.0046064	0.0	0.79489711	0.0	0.0	0.0	0.0	0.17097469	0.0	0.02269795
Irf1	0.23201245	0.20240715	0.0	0.0	0.0	0.26931566	0.10471553	0.0539853	0.13579138	0.0
Irf3	0.0	0.00644771	0.401111	0.0	0.01360027	0.48279656	0.0	0.0	0.0	0.03331111
Irf4	0.0	0.0	0.0	0.00135887	0.0	0.0	0.22061493	0.00659092	0.64858496	0.11473064
Irf5	0.0	0.55878788	0.0	0.0	0.0	0.0	0.0	0.00675823	0.42853426	0.0
Irf6	0.0	0.15178326	0.41168626	0.0	0.0	0.00174802	0.0	0.43069432	0.0	0.0
Irf7	0.00387966	0.2873634	0.0	0.0	0.0	0.0	0.08123133	0.0	0.47172614	0.14332293
Irf8	0.0	0.0	0.0	0.00705116	0.0395144	0.01006373	0.19156839	0.01186171	0.73112534	0.0
Isx	0.0	0.99175776	0.0	0.0	0.0	0.0	0.0	0.0	0.0	0.0
Jdp2	0.0	0.0	0.98831144	0.0	0.0	0.0	0.0	0.0	0.0	0.0
Klf1	0.0	0.0	0.09056295	0.27346989	0.21928234	0.40219729	0.0	0.00979427	0.0	0.0
Klf10	0.26884103	0.0	0.04899831	0.0	0.13098284	0.0	0.0	0.0	0.4482812	0.0
Klf11	0.18864046	0.0	0.03371325	0.0	0.09016758	0.0	0.0	0.0	0.31114584	0.0
Klf12	0.0	0.0	0.06506991	0.18598058	0.0	0.7396453	0.0	0.00419553	0.0	0.0
Klf13	0.2741553	0.0	0.05102583	0.0	0.1360031	0.0	0.0	0.0	0.4441936	0.0
Klf2	0.0	0.0	0.08051598	0.0	0.05523015	0.56872316	0.0	0.00368339	0.28886781	0.0
Klf3	0.0	0.0	0.0	0.0	0.27577028	0.38104866	0.0	0.01210482	0.327958	0.0
Klf4	0.0	0.0	0.0	0.0	0.31383693	0.4899839	0.0	0.0	0.19350115	0.0
Klf5	0.0	0.0	0.0	0.0	0.0	0.0	0.0	0.0	0.0	0.0
Klf6	0.02003513	0.0	0.0281993	0.03309253	0.37682886	0.01846571	0.0	0.00955185	0.51084616	0.0
Klf7	0.0	0.0	0.07868777	0.0	0.28024322	0.6153431	0.0	0.0	0.02259644	0.0
Klf8	0.04388563	0.0	0.0350666	0.0	0.50375642	0.13249481	0.0	0.0	0.28099056	0.0
Klf9	0.0	0.0	0.0	0.0	0.0	0.0	0.0	0.0	0.0	0.0
Lbx2	0.0	0.0	0.06711894	0.0	0.27275206	0.46320017	0.0	0.0	0.19433087	0.0
Lhx1	0.0	0.00374923	0.0	0.4110344	0.0	0.0	0.45297733	0.01459459	0.11294482	0.0
Lhx2	0.0	0.0	0.0	0.0	0.52706829	0.0	0.45450353	0.0	0.0	0.01361603
Lhx4	0.0	0.0	0.0	0.28918105	0.37424505	0.0	0.32339814	0.00977525	0.0	0.0
Lhx6	0.0	0.0	0.1696388	0.0	0.0	0.69232753	0.0	0.0	0.10839611	0.02148811
Lhx9	0.01221083	0.0	0.07659783	0.87413039	2.6e-07	0.0	0.0	0.0	0.0	0.019732
Lyl1	0.0	0.0	0.0	0.0	0.0	0.063662	0.03765155	0.00598273	0.88807629	0.0
Maf	0.0	0.0	0.02531147	3.4e-07	0.0	2.233e-05	0.56615425	0.0	0.40323089	0.0
Mafa	0.0	0.0	0.0219849	0.0	0.0	0.0	0.45382206	0.0	0.52001879	0.0
Mafb	0.0	0.0	0.02359564	1e-08	0.0	0.0	0.52149746	0.0	0.4501828	0.0
Maff	0.0	0.0	0.02258065	4.42e-06	0.0	0.0	0.75352683	0.0	0.20393382	0.01305428
Mafg	0.0	0.0	0.02631586	0.0	0.0	0.0	0.55523339	0.0	0.41347483	0.0
Mafk	0.0	0.0	0.02292857	5e-08	0.0	0.0	0.7205118	0.0	0.23850039	0.01160676
Max	0.16201329	0.0	0.0	0.0073225	0.15866254	0.03981607	0.13750659	0.14031649	0.1457138	0.20706301
Maz	0.0	0.0	0.0	0.0	0.0	0.0	0.0	0.0	0.0	0.0
Meox1	0.0	0.0	0.47511658	2.27e-06	0.0	0.2522872	0.26990433	0.0	0.0	0.0
Meox2	0.0	0.0	0.0	0.00164989	0.0	0.0	0.96725711	0.0	0.0	0.0210855
Mga	0.0	0.0	0.1115793	3e-07	0.27200724	0.02868103	0.24239441	0.0	0.04232568	0.30068777
Msc	0.0	0.0	0.0	0.0	0.0	0.0	0.0	0.0	0.0	0.0
Msx1	0.00392981	0.23785744	0.07796876	0.09722128	0.0	0.28650487	0.27996821	0.0	0.0	0.01393489
Myb	0.31971642	0.0	0.0	0.0	0.0	0.0004215	0.0	0.0	0.13073509	0.5463343
Mybl1	9e-08	0.18789393	0.02487918	0.23489557	0.19318716	0.0882537	0.15450767	0.00061436	0.0544277	0.05971884
Mybl2	0.0	0.18765955	0.0	0.02073595	0.19178136	0.0	0.16907172	0.0	0.2222104	0.20675678
Myc	0.0	0.0	0.01305811	0.13154348	0.83760707	0.0	0.0	0.0	0.0	0.01112562
Mycn	0.0	0.98823627	0.0	0.0	0.0	0.0	0.0	0.0	0.0	0.0
Nfe2	0.0	0.0	0.0	0.0	0.97431398	0.0	0.0	0.0	0.0	0.00916737
Nfe2l2	0.0	0.0	0.0	0.0	0.98242466	0.0	0.0	0.0	0.0	0.00965173
Nfil3	0.0	0.0	0.0	0.0	0.0	0.0	0.0	0.0	0.0	0.0
Nhlh1	0.0	0.0	0.0	0.0	0.0	0.3850754	0.5970192	0.0	0.0	0.0115609
Nkx6-1	0.0	0.30738491	0.07118619	0.0263743	0.0	0.02570978	0.26561775	0.0	0.0	0.30117724
Nkx6-2	0.0	0.81073948	0.0	0.0	0.0	0.18234797	0.0	0.0	0.0	0.0
Nobox	0.0	0.56200432	0.0	0.42276013	0.0	0.0	0.0	0.01027651	0.0	0.0
Npas2	0.17441497	0.1572786	0.0	0.16810099	0.0	0.0	0.12939506	0.18491764	0.0	0.1842587
Nr1d1	0.0	0.0	0.0	0.30949464	0.0	0.0	0.11817102	0.2890825	0.0	0.28082431
Nr1d2	0.0	0.0	0.03029214	0.14829438	0.20092175	0.00900256	0.16047532	0.08675653	1.31e-06	0.36179697
Nr1h2	0.0039671	0.0	0.03379676	0.79580096	0.0	0.1452084	0.0	0.00414116	0.0	0.0
Nr1h3	0.0	0.0	0.0	0.97945057	0.0	0.0	0.0	0.01219573	0.0	0.0
Nr1h4	0.0	0.0	0.02871306	0.95595849	0.0	0.0	0.0	0.00876847	0.0	0.0
Nr1i2	0.0	0.0	0.0	0.0	0.0	0.0	0.0	0.0	0.0	0.0
Nr2c1	0.0	0.0	0.29435305	0.01590809	0.0	0.00666002	0.0	0.0	0.66628983	0.0
Nr2c2	0.0	0.0	0.17183589	0.00824224	0.0	0.01002231	0.0	0.0	0.56444026	0.23769427
Nr2f1	0.0	0.0	0.90845491	0.06190118	0.0	0.01513101	0.0	0.0	0.0	0.0
Nr2f2	0.0	0.0	0.90797521	0.06224826	0.0	0.01525898	0.0	0.0	0.0	0.0
Nr2f6	0.0	3.996e-05	0.4848122	0.02908191	0.0	0.00900094	1.03e-06	0.0	0.46321363	0.0
Nr3c1	0.00772294	0.0	0.20783073	0.14907316	0.14746235	0.14682997	0.12413676	0.06662905	0.14901742	0.0
Nr3c2	0.15087422	0.0	0.25620965	0.1435652	0.08636602	0.09291488	0.06538121	0.15915362	0.04437335	0.0
Nr4a1	0.27560399	0.0	0.0	0.09730365	0.14998516	0.0	0.0	0.21901721	0.11369642	0.14205989
Nr4a2	0.32561514	0.0	0.0	0.1192597	0.0101444	0.0	0.0	0.24701795	0.14690045	0.14839885
Nr4a3	0.2727083	0.0	0.0	0.1284507	0.34543403	0.0	0.0	0.0	0.18758277	0.06223149
Nr5a2	0.29115292	0.0	0.31123092	0.0	0.0	0.32638656	0.03432319	0.0	0.0	0.03451627
Nr6a1	0.00218009	0.48669439	0.0	0.0	0.40688426	0.0	0.0	0.0	0.09884878	0.0
Nrf1	0.0	0.0	0.11486204	0.0	0.34558282	0.0	0.20707089	0.24474647	0.05928525	0.0250011
Nrl	0.0	0.0	0.03555401	0.0	0.0	0.0	0.0	0.0	0.95304614	0.0
Onecut1	0.5080338	0.0	0.0	0.0	0.0	0.0	0.0	0.47901335	0.0	0.00839045
Onecut2	0.0	0.19165181	0.04672158	0.0	0.12837748	0.03976034	0.17531728	0.27558899	0.12593079	0.01465117
Onecut3	0.0	0.17429774	0.0	0.12131284	0.17110968	0.00090755	0.14442019	0.00104026	0.14139284	0.24368045
Otx1	0.99206646	0.0	0.0	0.0	0.0	0.0	0.0	0.0	0.0	0.0
Otx2	0.0	0.0	0.0	0.96024888	0.0	0.0	0.0	0.02846841	0.0	0.0
Patz1	0.0	0.0	0.0	0.0	0.0	0.0	0.0	0.0	0.0	0.0
Pax3	0.0	0.0	0.06177248	0.15842086	0.0	0.3146404	0.32192438	0.1286506	0.0	0.01134409
Pax5	0.0	0.0	0.0	0.0	0.0	0.0	0.0	0.0	0.0	0.0
Pax6	0.0	0.45674105	0.0	0.0	0.46812925	0.0	0.0	0.0	0.02050684	0.05012509
Pax8	0.0	0.0	0.0	0.0	0.0	0.0	0.0	0.0	0.0	0.0
Pbx1	0.0	0.01580025	0.0	0.0	0.0	0.00790724	0.0	0.01885334	0.7071312	0.0
Pbx2	0.0	0.0	0.0	0.0	0.0	0.01800322	0.0	0.04115513	0.91341052	0.0
Pbx3	0.0	0.0	0.0	0.0	0.11805288	0.02666122	0.0	0.05849091	0.45229567	0.0
Pbx4	0.0	0.0	0.03396882	0.0	0.0	0.0	0.0	0.0	0.9522619	0.0
Pgr	0.14990324	0.0	0.08609626	0.0	0.0	0.73556877	0.0	0.0	0.0	0.02458287
Phox2a	0.0	0.0	0.0	0.48491473	0.0	0.35103146	0.0	0.03177992	0.12701403	0.0
Pitx1	0.36780977	0.0	0.0	1.17e-06	0.32858667	0.0	0.30082452	0.0	0.0	0.0
Pitx2	0.0	0.47503409	0.0	0.0	0.0	0.0	0.42002021	0.0	1.29e-06	0.10099066
Plagl1	0.0	0.0	0.1050649	0.10063809	0.0	0.02096087	0.0	0.0	0.0	0.76576377
Pou2f1	0.04792426	0.10875991	0.09819343	0.10043061	0.11308088	0.12309035	0.06913419	0.11285535	0.07688213	0.14836729
Pou2f2	0.0	0.0	0.0	0.0	0.0	0.00169877	0.0	0.0	0.90235919	0.09085616
Pou2f3	0.0	0.24324134	0.04360196	0.30785429	0.0	0.0	0.20440308	0.0	0.0	0.1988585
Pou3f1	0.26834102	0.24679299	0.0	0.0	0.0	0.07673482	0.21677615	0.18928762	0.0	0.0
Pou3f2	0.33910685	0.0	0.0	0.0	0.29522767	0.00013117	0.2711131	0.0	0.0	0.09178679
Pou3f3	0.19822209	0.17794486	0.01457237	0.22109489	0.06755514	0.0	0.14793659	0.13682359	0.0343551	0.0
Pou4f1	0.0	0.0	0.0	0.0	0.0	0.0	0.0	0.0	0.0	0.0
Pou4f2	0.0	0.0	0.0	0.0	0.0	0.0	0.0	0.0	0.0	0.0
Pou5f1	0.0	0.0	0.0	0.0	0.85869851	0.0	0.0	0.0	0.04509809	0.08849469
Pou6f2	0.0	0.41154657	0.0	0.18473096	0.01626666	0.29787633	0.0	0.01369	0.07170118	0.0
Ppara	0.0	0.0	0.0	0.22547638	0.0	0.01243168	0.16262974	0.30387675	0.0	0.29310892
Ppard	0.0	0.0	0.05055372	0.01900183	0.22390056	0.10292097	0.10278881	0.3227762	0.0	0.17584159
Pparg	0.0	0.0	0.0	0.0	0.95339288	0.0	0.0	0.0	0.0	0.03660011
Prdm1	0.0	0.0	0.0	0.0	0.0	0.0	0.0	0.0	0.0	0.0
Prdm4	0.0	0.0	0.85816049	0.12570897	0.0	0.0	0.0	0.0	0.0	0.0
Prox1	0.0	0.0	0.28055915	0.0	0.2383779	0.0	0.0	0.0	0.21481095	0.26289024
Prrx1	0.0	0.0	0.0	0.60502342	0.0	0.0	0.36931894	0.00555699	0.0	0.01558385
Prrx2	0.00565488	0.0	0.0	0.54917934	0.0	0.0	0.42335406	0.0	0.0	0.01713094
Rad21	0.03342862	0.0	0.0	0.00192906	0.0	0.0	0.0	0.0	0.92412024	0.0
Rara	0.06049986	0.0	0.0	0.0	0.24524246	0.12999797	0.08334772	0.00688406	0.28944275	0.18249278
Rarb	0.18002856	0.0	0.18087817	0.06575233	0.0	0.06279464	0.12896387	0.0	0.18626091	0.19397154
Rarg	0.18435424	0.0	0.10853623	0.11271459	0.03366547	0.1548024	0.13217429	0.08763941	0.11946415	0.06519976
Rax	0.0	0.00018985	0.0	0.46049706	0.0	0.0	0.52036197	0.01404827	0.0	0.0
Rest	0.36449456	0.23768475	0.00583199	0.04774742	0.32321944	0.0	0.0	0.0	0.01846546	0.0
Rfx1	0.0136457	0.0	0.11221667	0.00073681	0.39730806	0.0	0.0	0.25240155	0.20677206	0.01301056
Rfx2	0.02716341	0.0	0.02041029	0.0	0.45754412	0.0	0.0	0.33677639	0.12556258	0.02807695
Rfx3	0.02218635	0.0	0.06790041	0.0	0.03233015	0.0	0.0	0.51813214	0.34146589	0.01215565
Rfx4	0.0	0.0	0.0	0.0	0.44865376	0.0	0.0	0.54676299	0.0	0.0
Rfx5	0.23818077	0.0	0.03668633	0.0	0.0	0.02822592	0.17468712	0.0	0.24791982	0.27233457
Rfx7	0.31468071	0.0	0.03431776	0.0	0.0	0.02062982	0.08942985	0.0	0.3204205	0.21796242
Rora	0.08406497	0.0	0.0620158	0.25520712	0.18698498	0.00055501	0.16589472	0.17161657	0.0	0.0718173
Rorb	0.28083683	0.0	0.0	0.0	0.0	0.32578973	0.21886263	0.0	0.17234266	0.0
Rorc	0.24978169	0.0	0.08594664	0.0	0.0	0.0	0.0	0.31732053	0.0	0.34480811
Rreb1	0.03156792	0.00170778	0.05174538	0.0	0.0	0.26696089	0.0	0.35723313	0.19638864	0.07440933
Runx1	0.3430966	0.0	0.0	0.0	0.24840771	0.0	0.0	0.0	0.40584906	0.0
Runx2	0.40311815	0.0	0.0	0.0	0.29423866	0.0	0.0	0.0	0.29956271	0.0
Runx3	0.0	0.0	0.0	0.0	0.0	0.0	0.0	0.0	0.80049602	0.19505069
Rxra	0.16386354	0.16160269	0.03952519	0.04950007	0.18058254	0.01579903	0.11214237	0.0	0.04451696	0.23077887
Rxrb	0.15466139	0.11484102	0.06522077	0.0325608	0.13610998	0.05084898	0.05818494	0.13782785	0.18693985	0.06165372
Rxrg	0.0	0.29431671	0.01453146	0.22686604	0.0	0.0	0.25262511	0.00169454	0.20747798	0.0
Scrt1	0.0	0.0	0.0	0.0	0.0	0.0	0.0	0.0	0.0	0.0
Scrt2	0.0	0.0	0.0	0.0	0.0	0.0	0.0	0.0	0.0	0.0
Setdb1	0.0	0.0	0.0	0.0	0.33384878	0.0	0.27007205	0.23194089	0.13220426	0.0278574
Shox2	0.00902329	0.0	0.0	0.35760992	0.02634889	0.0	0.49040208	0.0157126	0.09644785	0.0
Sin3a	0.60281854	0.0	0.08525518	0.14137766	0.01475001	0.08005372	0.0	0.0	0.07146211	0.0
Smad3	0.0	0.0	0.0	0.92555748	0.0	0.0	0.0	0.02224062	0.04215875	0.0
Sox10	0.0	0.0	0.0	0.64084528	0.0	0.31325812	0.0	0.01826866	0.0	0.0
Sox11	0.0	0.0	0.41873695	0.02559337	0.0	0.54906763	0.0	0.0	0.0	0.0
Sox12	0.01128594	0.49984637	0.2661443	0.17276895	0.0	0.0	0.0	0.04591467	0.0	0.0
Sox15	0.0	0.0	0.0	0.29982612	0.1775724	0.00295166	0.0	0.45093712	0.06539647	0.0
Sox17	0.0	0.0	0.0	0.0	0.0	0.98824035	0.0	0.0	0.0	0.0
Sox18	0.0	0.0	0.0	0.00695976	0.0	0.98142916	0.0	0.0	0.0	0.0
Sox2	0.44208493	0.0	0.0	0.0	0.0	0.0	0.0	0.0	0.0	0.55278129
Sox21	0.45214552	0.0	0.0	0.0	0.0	0.0	0.0	0.0	0.0	0.54364917
Sox4	0.00587846	0.30919809	0.17306741	0.31305876	0.0	0.11897721	0.0	0.07713642	0.0	0.0
Sox7	0.0	0.0	0.0	0.0116134	0.0	0.97653462	0.0	0.0	0.0	0.0
Sox8	0.0	0.50245892	0.01801085	0.0	0.148676	0.0	0.0	0.0012717	0.3253545	0.0
Sox9	0.01588301	0.0	0.08655787	0.85837068	0.00013603	0.0	0.0	0.0	0.0	0.02417847
Sp100	0.0	0.0	0.0	0.00012567	0.2898283	0.0	0.65890569	0.0	0.0	0.01822137
Spdef	0.0	0.0	0.05398924	0.0	0.0	0.07444037	0.0	0.83827193	0.0	0.02650064
Spi1	0.0	0.0	0.0	0.0	0.82121313	0.00932084	0.0	0.02172462	0.14079242	0.0
Spib	0.0	0.0	0.0	0.0	0.0	0.0013308	0.0	0.0	0.48280658	0.4758616
Spic	0.0	0.0	0.0	0.0	0.15827844	0.02949221	0.0	0.05642004	0.72212324	0.0
Srebf1	0.30411408	0.0	0.0	0.13006977	0.25484321	0.0	0.0	0.0	0.0	0.30797104
Srebf2	0.16721436	0.0	0.0	0.08018739	0.2299799	0.0	0.0	0.0	0.21680513	0.30312229
Tal1	0.0	0.0	0.21766766	0.00954582	0.0	0.54381925	0.0	0.0	0.22260167	0.0
Tal2	0.0	0.0	0.02438348	0.0	0.0	0.00503043	0.0	0.0	0.96206436	0.0
Tbp	0.19636625	0.0	0.05663042	0.03875846	0.17681131	0.10110407	0.14973416	0.1398381	0.13931668	0.0
Tbr1	0.0	0.25800435	0.0	0.0	0.27266635	0.15180249	0.23124095	0.05031047	0.03375726	0.0
Tbx1	0.0	0.0	0.99177903	0.0	0.0	0.0	0.0	0.0	0.0	0.0
Tbx15	0.0	0.0	0.0	0.0	0.0	0.0	0.0	0.0	0.0	0.0
Tbx18	0.0	0.0	0.0	0.0	0.0	0.0	0.0	0.0	0.0	0.0
Tbx2	0.0	0.0	0.0	0.0	0.0	0.0	0.0	0.0	0.0	0.0
Tbx20	0.0	0.0	0.0	0.0	0.0	0.0	0.0	0.0	0.0	0.0
Tbx21	0.0	0.0	0.0	0.0	0.0	0.00804373	0.0	0.0	0.30221722	0.67866499
Tbx3	0.0	0.0	0.0	0.0	0.0	0.0	0.0	0.0	0.0	0.0
Tbx4	0.0	0.0	0.0	0.0	0.0	0.0	0.0	0.0	0.0	0.0
Tbx5	0.0	0.0	0.0	0.0	0.0	0.0	0.0	0.0	0.0	0.0
Tcf12	0.0	0.0	0.18894664	0.06356814	0.21378424	0.0	0.0	0.14032584	0.18757168	0.20338663
Tcf21	0.0	0.0	0.0	0.0	0.0	0.0	0.0	0.0	0.0	0.0
Tcf3	0.0	0.0	0.09019871	0.0	0.29970996	0.0	0.0	0.11362217	0.24827493	0.24574387
Tcf4	0.0	0.0	0.46851907	0.05820012	0.0	0.0	0.0	0.0	0.46985757	0.0
Tead1	0.16787315	0.14535271	0.0	0.17277488	0.0	0.0018718	0.12215989	0.20581742	0.0	0.18275134
Tead2	0.12123977	0.01713531	0.2891669	0.1831858	0.0	0.1870591	0.13864486	0.0	0.0	0.06207174
Tead3	0.14883663	0.14041713	0.07564602	0.17140544	0.0	0.0	0.10775787	0.18938584	0.0	0.16531473
Tead4	0.18817222	0.20497963	0.0	0.0	0.0	0.30759805	0.0	0.28233922	0.0	0.01507717
Tef	0.0	0.0	0.0	0.0	0.0	0.0	0.0	0.0	0.0	0.0
Tfap2a	0.17168226	0.03273564	0.02228399	0.06114606	0.15884569	0.13682699	0.13766569	0.07483569	0.0	0.20252476
Tfap2b	0.0	0.0	0.13732449	0.32887308	0.0	0.18940049	0.22554774	0.07090055	0.0	0.04563386
Tfap2c	0.0	0.0	0.25978282	0.00857104	0.0	0.00539615	0.0	0.61235193	0.10894972	0.0
Tfap4	0.34743168	0.15317506	0.04460566	0.12675056	0.0	0.02911576	0.0	0.0	0.23899055	0.0571618
Tfcp2	0.0	0.0	0.0	0.0	0.0	0.00948543	0.0	0.0	0.06512086	0.69563129
Thap1	0.9357614	0.0	0.0	0.0	0.0	0.0	0.0	0.0	1.23e-06	0.04305589
Thra	0.0	0.0	0.0	0.0	0.0	0.0	0.0	0.0	0.0	0.0
Thrb	0.0	0.0	0.0	0.0	0.0	0.0	0.0	0.0	0.0	0.0
Trp53	0.0	0.0	0.03867822	0.02338988	0.33760905	0.14354718	0.28397543	0.011333	0.02791538	0.13075842
Trp63	0.0	0.0	0.0	2.348e-05	0.0	0.0	0.93070573	0.0	0.0	0.02087173
Trp73	0.0	0.0	0.0	0.0	0.0	0.0	0.0	0.0	0.0	0.0
Uncx	0.0	0.0	0.28528282	0.0	0.32852288	0.0	0.0	0.34649699	0.03708863	0.0
Vax2	0.0	0.0	0.0	0.0	0.0	0.0	0.0	0.0	0.0	0.0
Vdr	0.28029385	0.0	0.0	0.0	0.0	0.0	0.0	0.70995916	0.0	0.0040244
Vsx1	0.0	0.33767908	0.0	0.25203534	0.0	0.08969546	0.0	0.24540408	0.07236118	0.0
Xbp1	0.2714994	0.0	0.03956344	0.0	0.11301102	0.0	0.0	0.0	0.47263563	0.05578589
Yy1	0.1533188	0.12566795	0.0904183	0.03972446	0.12952812	0.10708663	0.08906284	0.13092217	0.13317626	0.0
Zbtb14	0.24496551	0.0	0.04400537	0.0	0.12001991	0.0	0.0	0.0	0.41265823	0.06504358
Zbtb33	0.0	0.99096257	0.0	0.0	0.0	0.0	0.0	0.0	0.0	0.0
Zbtb49	0.0	0.0	0.0	0.0	0.0	0.0	0.0	0.0	0.0	0.0
Zbtb7a	0.35990128	0.0	0.01733572	0.0	0.0	0.0	0.0	0.18366694	0.0	0.43534817
Zbtb7b	0.32135159	0.15301586	0.0	0.0	0.0	0.0	0.0	0.24329546	0.07984049	0.19957505
Zfp105	0.0	0.0	0.12913929	0.09976093	0.25978726	0.17583082	0.23179068	0.0	0.10132983	0.0
Zfp128	0.23891136	0.21512365	0.31462635	0.0	0.0	0.0011181	0.18799409	0.02534781	0.0	0.01464187
Zfp3	0.0	0.0	0.0	0.0	0.98091749	0.0	0.0	0.0	0.0	0.0
Zic1	0.0	0.0	0.0	0.25504419	0.34157137	0.0	0.0	0.40024051	0.0	0.0
Zic2	0.23076387	0.0	0.34499105	0.12276547	0.0	0.04175297	0.0	0.0	0.0269766	0.23078812
Zic3	0.0	0.0	0.00489356	0.28432551	0.0	0.0	0.0	0.43336346	0.2739358	0.0
Zic4	0.0	0.0	0.0	0.0	0.0	0.98769327	0.0	0.0	0.0	0.0
Zscan22	0.0	0.0200491	0.87161498	0.05627151	0.0	0.01302442	0.0	0.0	0.0	0.0
