TF	M1	M2	M3	M4	M5	M6	M7	M8	M9	M10
Afp	-40246.99510903507	-5.258466937861692	-5.364681963439133	-3.668091859470831	-4.013275059848594	-7.457732789813321	-4.5841654882077	-4.964069223142754	-2.9026579134742634	-4.162826728528812
Ahr	-40246.99510903507	-2.2704963480436997	-73973.22298941846	-3.668091859470831	-4.013126753999025	-103740.74381621314	-4.5841654882077	-4.964069223142754	-22764.023418888097	-3.4081885524503694
Alx1	-3.7666120623555135	-5.258466937861692	-5.364681963439133	-38362.016172087155	-4.013275059848594	-7.457732789813321	-4.5841654882077	-75568.90807569148	-0.26972131263104915	-57511.31147960366
Alx4	-3.7666120623555135	-5.106598557553288	-73973.22298941846	-38362.016172087155	-4.013275059848594	-0.423485590696421	-40391.08785111857	-1.0517951026298158	-2.9026579134742634	-4.162826728528812
Ar	-3.7666120623555135	-5.258466937861692	-5.364681963439133	-38362.016172087155	-4.013275059848594	-103740.74381621314	-40391.08785111857	-4.531154161830788	-2.9026579134742634	-3.505951871748979
Arhgef12	-40246.99510903507	-5.258466937861692	-4.9111072861898	-3.668091859470831	-4.013275059848594	-7.457732789813321	-4.5841654882077	-1.0197068728829055	-2.9026579134742634	-2.6676174301305884
Arid5a	-3.7666120623555135	-5.258466937861692	-3.740292772220366	-3.668091859470831	-4.013275059848594	-103740.74381621314	-4.5841654882077	-4.964069223142754	-22764.023418888097	-4.162826728528812
Arnt	-40246.99510903507	-49070.5836083942	-0.4869840774483106	0.9765874683983199	1.3214621314518302	-5.8799993435106	0.4880430838555983	-75568.90807569148	-0.6518625427156997	-3.27253474309883
Arnt2	-3.7666120623555135	-49070.5836083942	-3.3753100771795848	1.4350833887848033	-4.013275059848594	-7.457732789813321	-40391.08785111857	-4.964069223142754	1.5109490720122394	0.5601746263910203
Arntl	-3.7666120623555135	-5.258466937861692	-5.364681963439133	-3.668091859470831	-4.013275059848594	-7.457732789813321	-4.5841654882077	-75568.90807569148	-2.9026579134742634	-4.162826728528812
Arntl2	-3.7666120623555135	-5.258466937861692	-5.364681963439133	-3.668091859470831	-4.013275059848594	-7.457732789813321	-4.5841654882077	-4.964069223142754	-2.9026579134742634	-4.162826728528812
Atf2	-3.7666120623555135	-5.258466937861692	-5.364681963439133	-3.668091859470831	-4.013275059848594	-103740.74381621314	-4.5841654882077	-4.964069223142754	-2.9026579134742634	-4.162826728528812
Atf3	-3.7666120623555135	-5.258466937861692	-5.364681963439133	-3.668091859470831	-4.013275059848594	-7.457732789813321	-4.5841654882077	-4.964069223142754	-2.9026579134742634	-4.162826728528812
Atf4	-40246.99510903507	-5.258466937861692	-5.364681963439133	-3.668091859470831	-4.013275059848594	-7.457732789813321	-4.5841654882077	-4.964069223142754	-2.9026579134742634	-4.162826728528812
Atf5	-3.7666120623555135	-5.258466937861692	-5.364681963439133	-3.668091859470831	-4.013275059848594	-7.457732789813321	-4.5841654882077	-4.964069223142754	-2.9026579134742634	-4.162826728528812
Atf6	-40246.99510903507	-5.258466937861692	-2.334760104521831	-3.668091859470831	0.27210635613072154	-7.457732789813321	-4.5841654882077	-4.964069223142754	-22764.023418888097	-4.162826728528812
Atf6b	-40246.99510903507	-5.258466937861692	-2.305153010273339	-3.668091859470831	0.3139514228211088	-7.457732789813321	-4.5841654882077	-4.964069223142754	-22764.023418888097	-4.162826728528812
Atf7	-3.7666120623555135	-5.258466937861692	-5.364681963439133	-3.668091859470831	-4.013275059848594	-103740.74381621314	-4.5841654882077	-4.964069223142754	-2.9026579134742634	-4.162826728528812
Barhl1	-3.7666120623555135	-5.258466937861692	-5.364681963439133	-0.923005089322339	-4.013275059848594	-7.457732789813321	-40391.08785111857	-4.964069223142754	-2.9026579134742634	-57511.31147960366
Barhl2	-3.7666120623555135	-49070.5836083942	-5.364681963439133	-3.668091859470831	-4.013275059848594	-7.457732789813321	-4.5841654882077	-4.671247234281109	1.2494169856820923	-4.162826728528812
Barx1	-3.7666120623555135	-5.258466937861692	-5.364681963439133	-38362.016172087155	-4.013275059848594	-7.457732789813321	-40391.08785111857	-4.015729916929968	-2.9026579134742634	-4.162826728528812
Barx2	-3.7666120623555135	-5.258466937861692	-2.0142724025764216	-3.668091859470831	-4.013275059848594	-7.457732789813321	-4.5841654882077	-4.964069223142754	-22764.023418888097	-4.162826728528812
Batf	-3.7666120623555135	-5.258466937861692	-5.364681963439133	-3.668091859470831	-4.013275059848594	-7.457732789813321	-4.5841654882077	-4.964069223142754	-2.9026579134742634	-4.162826728528812
Batf3	-3.7666120623555135	-5.258466937861692	-5.364681963439133	-3.6676781149337194	-4.013275059848594	-7.457732789813321	-40391.08785111857	-4.964069223142754	-2.9026579134742634	-3.025608713983921
Bbx	-3.7666120623555135	-5.258466937861692	-5.364681963439133	-3.668091859470831	-4.013275059848594	-6.7362258636405175	-4.5841654882077	-4.964069223142754	-1.7096016986140614	-57511.31147960366
Bcl2	-3.7666120623555135	-5.2584669378555144	-5.364681963439133	-38362.016172087155	-4.013275059848594	-7.457732789813321	-4.5841654882077	-3.327824902514595	-2.9026579134742634	-4.162826728528812
Bdp1	-3.7666120623555135	-5.258466937861692	-4.056170711488701	-3.668091859470831	-4.013275059848594	-4.064734958210205	-4.5841654882077	-75568.90807569148	-2.9026579134742634	-57511.31147960366
Bhlha15	-3.7666120623555135	-5.258466937861692	-5.364681963439133	-3.668091859470831	-3.436464123398123	-7.457732789813321	-4.5841654882077	-75568.90807569148	-2.9026579134742634	-1.0145615299564312
Bptf	-3.7666120623555135	-5.258466937861692	-4.378273521699244	-3.668091859470831	-35908.29622476326	-7.457732789813321	-4.5841654882077	-4.964069223142754	-22764.023418888097	-4.162826728528812
Ccnt2	-3.7666120623555135	-5.258466937861692	-73973.22298941846	-3.4679511120543522	-4.013275059848594	-103740.74381621314	-4.5841654882077	-4.964069223142754	-22764.023418888097	-57511.31147960366
Cebpa	-3.7666120623555135	-5.258466937861692	-4.941294145719944	-3.668091859470831	-35908.29622476326	-7.457732789813321	-4.5841654882077	-75568.90807569148	-22764.023418888097	-3.6761496934184015
Cebpb	-3.7666120623555135	-5.258466937861692	-5.364681963439133	-3.668091859470831	-35908.29622476326	-6.599359864563847	-4.5841654882077	-3.8468569723332187	-22764.023418888097	-4.162826728528812
Cebpd	-3.7666120623555135	-5.258466937861692	-0.9798632300349035	-3.668091859470831	-35908.29622476326	-0.18529415226614457	-4.5841654882077	-75568.90807569148	-2.0587061708505145	-3.737179173754761
Cebpe	-3.7666120623555135	-4.391555851086501	-5.364681963439133	-1.8354334619183266	-35908.29622476326	0.020563494631794653	-3.708998978360881	0.971276231940671	-22764.023418888097	-4.162826728528812
Cebpg	-40246.99510903507	-5.258466937861692	-5.154856352616975	-2.6315033603242597	-35908.29622476326	0.011532431310855198	-4.5841654882077	-75568.90807569148	-22764.023418888097	-57511.31147960366
Clock	-40246.99510903507	0.28686462992310696	1.1907577020731708	-38362.016172087155	-0.4414267528553543	-1.6502498901712428	-0.9475335806658068	-75568.90807569148	-2.730849934753241	-57511.31147960366
Creb3	-40246.99510903507	-5.258466937861692	-2.4037284368175755	-3.668091859470831	0.09153527724277626	-7.457732789813321	-4.5841654882077	-4.964069223142754	-22764.023418888097	-0.9132050675012777
Creb3l1	-3.7666120623555135	-49070.5836083942	-5.364681963439133	-38362.016172087155	-4.013275059848594	-7.457732789813321	-40391.08785111857	-4.533979166749117	-2.9026579134742634	-3.4604125329341566
Creb3l2	-3.7279840786801612	-49070.5836083942	-5.364681963439133	-38362.016172087155	-35908.29622476326	-7.457732789813321	-40391.08785111857	-4.680427618472556	-2.9026579134742634	-3.391389769168365
Creb3l3	-3.7666120623555135	-5.258466937861692	-5.364681963439133	-3.668091859470831	-4.013275059848594	-7.457732789813321	-4.5841654882077	-4.964069223142754	-2.9026579134742634	-4.162826728528812
Creb3l4	-3.7666120623555135	-5.258466937861692	-5.364681963439133	-3.668091859470831	-4.013275059848594	-7.457732789813321	-4.5841654882077	-4.964069223142754	-2.9026579134742634	-4.162826728528812
Creb5	-3.7666120623555135	-5.258466937861692	-5.364681963439133	-3.668091859470831	-4.013275059848594	-103740.74381621314	-4.5841654882077	-4.964069223142754	-2.9026579134742634	-4.162826728528812
Cux1	-40246.99510903507	1.0905935913861642	-1.962213885580038	-2.4069532455419695	-0.41281572835545544	-4.623361549391166	-3.047707446244101	-75568.90807569148	0.5419105857715607	-57511.31147960366
Cux2	-3.7666120623555135	-5.258466937861692	-5.364681963439133	-3.668091859470831	-4.013275059848594	-7.457732789813321	-4.5841654882077	-4.964069223142754	-2.9026579134742634	-57511.31147960366
Dbp	-3.7666120623555135	-5.258466937861692	-5.364681963439133	-3.668091859470831	-4.013275059848594	-103740.74381621314	-4.5841654882077	-4.964069223142754	-2.9026579134742634	-4.162826728528812
Dlx3	-3.3221599136714963	-49070.5836083942	-5.364681963439133	-3.668091859470831	-4.013275059848594	-7.457732789813321	-4.5841654882077	-4.964069223142754	-22764.023418888097	-4.162826728528812
Dlx4	-3.7666120623555135	-49070.5836083942	-5.364681963439133	-1.805125856129472	-4.013275059848594	-7.457732789813321	-4.5841654882077	-75568.90807569148	-2.9026579134742634	-4.162826728528812
Dlx5	-3.272298337676441	-5.258466937861692	0.5515793935686041	-38362.016172087155	-4.0132716648563385	-7.457732789813321	-4.5841654882077	-4.964069223142754	-2.9026579134742634	-3.050764825178676
Dmrta2	-3.7666120623555135	-5.258466937861692	-5.364681963439133	-38362.016172087155	-4.013275059848594	-4.642274983481746	-40391.08785111857	-75568.90807569148	-2.9026579134742634	-3.6125787109809444
E2f1	-3.766612062350752	-49070.5836083942	-4.389638332086306	-3.668091859470831	-35908.29622476326	-7.457732789813321	-40391.08785111857	-4.964069223142754	-22764.023418888097	-4.162826728528812
E2f2	-40246.99510903507	-5.258466937861692	-5.364681963439133	-3.668091859470831	-35908.29622476326	-7.457732789813321	-4.5841654882077	-75568.90807569148	-22764.023418888097	-4.162826728528812
E2f3	-40246.99510903507	-5.258466937861692	-3.820321964871163	-38362.016172087155	-35908.29622476326	-103740.74381621314	1.3712072823512746	-4.924497370206529	1.7070362960029863	-4.162826728528812
Egr1	-40246.99510903507	0.6809597691464512	-73973.22298941846	0.6819734909671635	0.3354523085593451	-5.570449997612325	-0.5196317972384649	-4.964069223142754	0.5736142517814551	-57511.31147960366
Egr2	-3.7666120623555135	-5.258466937861692	-5.364681963439133	-3.5213618533238424	-35908.29622476326	-7.457732789813321	-4.5841654882077	-4.964069223142754	-22764.023418888097	-57511.31147960366
Egr3	-3.7666120623555135	-5.258466937861692	-73973.22298941846	-2.81304203833565	0.24190636943948834	-3.2007060910156815	-40391.08785111857	-4.964069223142754	-22764.023418888097	-57511.31147960366
Egr4	-3.7666120623555135	-49070.5836083942	-5.240817326200224	-3.668091859470831	-35908.29622476326	-7.457732789813321	-4.5841654882077	-4.964069223142754	-2.534143182369204	-57511.31147960366
Ehf	-2.527533498584045	-5.258466937861692	-5.364681963439133	-3.605539252103423	-4.013275059848594	-7.457732789813321	-4.5841654882077	-4.964069223142754	-22764.023418888097	-4.162826728528812
Elf1	-40246.99510903507	0.09618693631321694	-3.759034679250824	-3.668091859470831	0.698568928113505	0.3027511366552544	-2.974674639645156	-75568.90807569148	0.38898551487335037	-57511.31147960366
Elf2	0.6031415348787086	-0.6331782263554538	-73973.22298941846	-3.668091859470831	0.08163527731954105	-103740.74381621314	-0.567636735064954	-75568.90807569148	-1.5431341932195841	-57511.31147960366
Elf3	-3.7666120623555135	-5.258466937861692	-5.364681963439133	-3.668091859470831	-4.013275059848594	-7.457732789813321	-4.5841654882077	-4.964069223142754	-2.9026579134742634	-4.162826728528812
Elf4	-3.5579357120442476	-49070.5836083942	-4.131316629968439	-3.668091859470831	-35908.29622476326	-3.6778696696252067	-0.8407988586085606	-1.4933843908762143	-22764.023418888097	2.1321059313326427
Elf5	-3.7666120623555135	-5.258466937861692	-5.364681963439133	-3.668091859470831	-4.013275059848594	-7.457732789813321	-4.5841654882077	-4.964069223142754	-2.9026579134742634	-4.162826728528812
Elk1	-3.7666120623555135	0.23344571878666442	-73973.22298941846	-0.02308633110273332	1.3673702691996397	-2.5641805924614043	0.47474399812053875	-0.2873302905208479	0.5536516843053159	-57511.31147960366
Elk3	-3.7666120623555135	-5.258466937861692	-73973.22298941846	-3.668091859470831	-1.5046814400960495	-103740.74381621314	-4.584165480395771	-4.964069223142754	-22764.023418888097	-3.519071198274383
Elk4	-40246.99510903507	-0.7172917229882633	-73973.22298941846	-2.1954105922307634	-2.2145754202745747	-103740.74381621314	-0.005623337621549168	-0.9016084361817478	-0.9053229743016837	0.4428973656899142
En1	-3.7666120623555135	-5.258466937861692	-5.364681963439133	-3.668091859470831	-35908.29622476326	-7.457732789813321	-4.5841654882077	-4.964069223142754	-2.9026579134742634	-4.162826728528812
En2	-3.7666120623555135	-5.258466937861692	-5.364681963439133	-3.6680918594433276	-4.013275059848594	-103740.74381621314	-40391.08785111857	-4.964069223142754	-2.9026579134742634	-4.162826728528812
Eomes	-3.7666120623555135	-5.258466937861692	-5.364681963439133	-3.668091859470831	-4.013275059848594	-6.248865911747968	-4.5841654882077	-4.964069223142754	-2.464939294193517	-57511.31147960366
Epas1	-3.7666120623555135	-5.258466937861692	-5.364681963439133	-3.668091859470831	-4.013275059848594	-7.457732789813321	-4.5841654882077	-4.964069223142754	-2.9026579134742634	-4.162826728528812
Erf	-40246.99510903507	0.12924232125201787	-1.5892288688537914	-2.825326886524441	-0.21378110883173396	-103740.74381621314	-1.014493499344614	-1.0532065743521646	0.2641647891050719	-57511.31147960366
Erg	-3.7666120623555135	-5.258466937861692	-73973.22298941846	-3.668091859470831	-4.013275059848594	-103740.74381621314	-4.5841654882077	-4.964069223142754	-2.9026579134742634	-4.162826728528812
Esrra	-40246.99510903507	-49070.5836083942	-5.013085892934012	-3.668091859470831	-4.013275059848594	-7.457732789813321	-4.5841654882077	-4.964069223142754	-2.9026579134742634	-57511.31147960366
Esrrg	-40246.99510903507	-4.154168972799132	-5.364681963439133	-3.668091859470831	-4.013275059848594	-7.457732789813321	-4.5841654882077	-4.964069223142754	-2.9026579134742634	-57511.31147960366
Esx1	-3.7666120623555135	-5.258466937861692	-5.364681963439133	-38362.016172087155	-35908.29622476326	-7.457732789813321	-4.5841654882077	-75568.90807569148	-2.619270958398798	-4.162826728528812
Ets1	-3.7666120623555135	-5.258466937861692	-73973.22298941846	-3.668091859470831	-4.013275059848594	-103740.74381621314	-4.5841654882077	-4.964069223142754	-2.185524312437172	-57511.31147960366
Ets2	-1.483077637055579	0.598498351521615	-73973.22298941846	-2.8422752099112505	-4.013275059848594	-103740.74381621314	-4.584148912123168	2.291064723095267	1.3433707521060072	-4.162826728528812
Etv1	-40246.99510903507	-5.258466937861692	-73973.22298941846	-38362.016172087155	-4.013275059848594	-5.5383296343738655	1.1117779779758692	-4.964069223142754	0.479737975490911	-4.162826728528812
Etv3	-40246.99510903507	-2.36914013614292	-2.953249169312595	-3.668091859470831	-0.781031139446062	-103740.74381621314	-1.5446338268133228	-75568.90807569148	-22764.023418888097	1.5872822004136027
Etv4	-40246.99510903507	-5.258466937861692	-73973.22298941846	-3.5738873816787	-4.013275059848594	-7.457732789813321	-40391.08785111857	-75568.90807569148	-2.4174247698581457	-4.162826728528812
Etv5	-3.7666120623555135	-5.258466937861692	-5.364681963439133	-3.668091859470831	-4.013275059848594	-7.457732789813321	-4.5841654882077	-75568.90807569148	-0.12796005726198892	-4.162826728528812
Ewsr1	-3.7666120623555135	-4.277596726245403	-73973.22298941846	-1.6293624166811083	-4.013275059848594	-6.011399595114632	-4.5841654882077	-4.964069223142754	-2.9026579134742634	-4.162826728528812
Fli1	-3.7666120623555135	-5.258466937861692	-73973.22298941846	-3.668091859470831	-4.013275059848594	-103740.74381621314	-4.5841654882077	-4.964069223142754	-22764.023418888097	-57511.31147960366
Foxa1	-3.7666120623555135	-5.258466937861692	-5.364681963439133	-3.668091859470831	-4.013275059848594	-7.457732789813321	-4.5841654882077	-75568.90807569148	-2.9026579134742634	-57511.31147960366
Foxa2	-3.7666120623555135	-5.258466937861692	-5.364681963439133	-3.668091859470831	-4.013275059848594	-7.457732789813321	-4.5841654882077	-75568.90807569148	-2.9026579134742634	-57511.31147960366
Foxa3	-3.7666120623555135	-5.258466937861692	-5.364681963439133	-38362.016172087155	-4.013275059848594	-7.457732789813321	-4.5841654882077	-75568.90807569148	-2.9026579134742634	-4.162826728528812
Foxc1	-3.7666120623555135	-49070.5836083942	-73973.22298941846	-3.668091859470831	-4.013275059848594	-2.6537190222460376	-4.5841654882077	-4.964069223142754	-2.9026579134742634	-57511.31147960366
Foxc2	-3.7666120623555135	-49070.5836083942	-73973.22298941846	-3.668091859470831	-4.013275059848594	-0.7424846787236834	-4.5841654882077	-4.964069223142754	-2.9026579134742634	-3.8023651101400837
Foxd1	-3.7666120623555135	-5.258466937859555	-5.364681963439133	-38362.016172087155	-4.013275059848594	-7.457732789813321	-4.5841654882077	-3.1529022882744915	-2.9026579134742634	-4.162826728528812
Foxd2	-3.7666120623555135	-49070.5836083942	-73973.22298941846	-3.2856410344444833	-4.013275059848594	-103740.74381621314	-4.5841654882077	-4.964069223142754	-22764.023418888097	-57511.31147960366
Foxd3	-3.7666120623555135	-49070.5836083942	-5.364681963439133	-3.668091859470831	-4.013275059848594	-103740.74381621314	-4.5841654882077	-4.964069223142754	-2.9026579134742634	-4.162826728528812
Foxg1	-3.7666120623555135	-49070.5836083942	-73973.22298941846	0.011278011926553285	-35908.29622476326	0.3014617410730756	-4.5841654882077	-75568.90807569148	-2.9026579134742634	-4.162826728528812
Foxj1	-40246.99510903507	-5.258466937861692	-5.364681963439133	-3.668091859470831	-4.013275059848594	-7.457732789813321	-4.5841654882077	-4.964069223142754	-2.9026579134742634	-57511.31147960366
Foxj2	-40246.99510903507	-49070.5836083942	-73973.22298941846	-2.598202685475454	-35908.29622476326	-5.938275487913911	0.6441459607751732	-75568.90807569148	-1.2437350192184666	-1.3326756139893718
Foxj3	-40246.99510903507	0.8731032903820894	-73973.22298941846	-2.049113939234698	0.8089086600518749	-4.41006588351299	-0.09241227533677104	-75568.90807569148	-2.695136041387527	-57511.31147960366
Foxk1	-3.7666120623555135	-49070.5836083942	-5.364681963439133	-0.9903356533867564	-4.013275059848594	-7.457732789813321	-4.5841654882077	-4.9601087426024035	-2.9026579134742634	-4.162826728528812
Foxk2	-3.7666120623555135	-49070.5836083942	-5.364681963439133	-38362.016172087155	-4.013275059848594	-7.457732789813321	-4.5841654882077	-4.469389395107833	-2.9026579134742634	-4.162826728528812
Foxl1	-3.7666120623555135	-49070.5836083942	1.3830312604748836	-38362.016172087155	-4.013275059848594	-7.457732789813321	-4.5841654882077	-3.9364152925745164	-2.9026579134742634	-4.162826728528812
Foxo1	-3.235164027445703	-49070.5836083942	-5.364681963439133	-0.19389361831254934	-4.013275059848594	-103740.74381621314	-40391.08785111857	-1.6982638699491737	-2.2648590215879687	-57511.31147960366
Foxo3	-40246.99510903507	-49070.5836083942	-3.5203701731041375	-38362.016172087155	-1.7652865675354126	-5.030345698842979	0.33116478489851636	-75568.90807569148	-1.568261582160507	-1.1572944170342472
Foxo4	-40246.99510903507	-49070.5836083942	-3.2371442028029045	-0.15188463904943225	-1.149758839512656	-0.7268786678991731	-0.13121466018220107	-75568.90807569148	-1.9807832058472645	-57511.31147960366
Foxo6	-40246.99510903507	-49070.5836083942	-5.364681963439133	-3.668091859470831	-4.013275059848594	-7.457732789813321	-4.5841654882077	-75568.90807569148	-2.9026579134742634	-57511.31147960366
Foxp1	-3.7666120623555135	-5.258466937861692	-5.364681963439133	-3.668091859470831	-35908.29622476326	-4.997615845880649	-4.5841654882077	-0.6212244248941214	-22764.023418888097	-4.162826728528812
Foxp2	-3.7666120623555135	-5.258466937861692	-5.364681963439133	-3.668091859470831	-4.013275059848594	-7.457732789813321	-4.5841654882077	-4.964069223142754	-2.9026579134742634	-4.162826728528812
Foxp4	-3.7666120623555135	-5.258466937861692	-5.364681963439133	-3.668091859470831	-35908.29622476326	-7.457732789813321	-4.5841654882077	-4.964069223142754	-2.9026579134742634	-4.162826728528812
Foxs1	-3.7666120623555135	-49070.5836083942	-73973.22298941846	-38362.016172087155	-4.013275059848594	-7.110830038599951	-4.5841654882077	-4.896224986245098	-2.9026579134742634	-4.162826728528812
Gabpa	1.0401971133906847	-49070.5836083942	-73973.22298941846	-0.655377373757605	-4.013275059848594	1.1841103056929645	0.07777308729406979	-0.5264464987633423	-0.09019569196352432	-57511.31147960366
Gata1	-3.7666120623555135	-5.258466937861692	-5.364681963439133	-3.6680917652709373	-2.5579150689917487	-6.573708041644623	-40391.08785111857	-3.0796634721697753	0.5765098428583554	-4.162826728528812
Gata2	-3.7666120623555135	-5.258466937861692	-5.364681963439133	-3.663226268680289	-4.013275059848594	-103740.74381621314	-4.5841654882077	-4.964069223142754	-2.9026579134742634	-4.162826728528812
Gata3	-3.7666120623555135	-5.258466937861692	-5.364681963439133	-3.668091859470831	-4.013275059848594	-103740.74381621314	-4.5841654882077	-4.964069223142754	-2.9026579134742634	-4.162826728528812
Gata4	-3.49601371300823	-5.081484664836209	-5.364681963439133	-3.630139534999762	-4.013275059848594	-7.4577327892698735	-40391.08785111857	-4.964069223142754	-2.9026579134742634	-2.918514136606903
Gata5	-3.7666120623555135	-5.0991575555157835	-5.364681963439133	-3.559813337563825	-4.013275059848594	-7.457732749272978	-40391.08785111857	-4.964069223142754	-2.9026579134742634	-2.8424544556344427
Gata6	-3.7666120623555135	-5.258466937861692	-5.364681963439133	-3.667873812452659	-4.013275059848594	-7.457732789813321	-40391.08785111857	-4.964069223142754	-2.9026579134742634	-57511.31147960366
Gbx1	-40246.99510903507	-5.258466937861692	-5.364681963439133	-3.668091859470831	-4.013275059848594	-7.457732789813321	-4.5841654882077	-4.964069223142754	-2.9026579134742634	-4.162826728528812
Gbx2	-3.7666120623555135	-5.258466937861692	-5.364681963439133	-3.668091859470831	-4.013275059848594	-7.457732789813321	-4.5841654882077	-4.964069223142754	-2.9026579134742634	-4.162826728528812
Gcm2	-3.7666120623555135	-5.258466937861692	-5.364681963439133	-3.668091859470831	-35908.29622476326	-7.457732789813321	-4.5841654882077	-4.964069223142754	-2.9026579134742634	-3.6243496743819117
Gli1	-3.7666120623555135	-5.258466937861692	-5.364681963439133	-3.668091859470831	-4.013275059848594	-7.457732789813321	-4.5841654882077	-4.964069223142754	-2.9026579134742634	-4.162826728528812
Gli2	-3.7666120623555135	-5.258466937861692	-5.364681963439133	-3.668091859470831	-4.013275059848594	-7.457732789813321	-4.5841654882077	-4.964069223142754	-2.9026579134742634	-4.162826728528812
Gli3	-3.7666120623555135	-5.258466937861692	-5.364681963439133	-3.668091859470831	-4.013275059848594	-7.457732789813321	-4.5841654882077	-4.964069223142754	-2.9026579134742634	-4.162826728528812
Glis2	-3.7666120623555135	-5.258466937861692	-5.364681963439133	-3.668091859470831	-4.013275059848594	-7.457732789813321	-4.5841654882077	-4.964069223142754	-2.9026579134742634	-4.162826728528812
Gmeb1	-3.7666120623555135	-5.258466937861692	-73973.22298941846	-0.716588276033429	-4.013275059848594	-7.457732789813321	-4.5841654882077	-4.964069223142754	-22764.023418888097	-57511.31147960366
Grhl1	-3.7666120623555135	-49070.5836083942	-4.710526527487135	-3.668091859470831	-35908.29622476326	-7.457732789813321	-4.5841654882077	-75568.90807569148	-1.926193411396317	-3.4343941120967343
Grhl2	-3.7666120623555135	-5.258466937861692	-4.521664524630609	-3.668091859470831	-4.013275059848594	-7.457732789813321	-4.5841654882077	-75568.90807569148	-2.9026579134742634	-2.9728216215359864
Gsx2	-3.7666120623555135	-5.258466937861692	-5.364681963439133	-38362.016172087155	-4.013275059848594	-7.457732789813321	-4.5841654882077	-75568.90807569148	-2.9026579134742634	-4.162826728528812
Gtf2i	-3.7666120623555135	-5.258466937861692	-2.7154882750401312	-3.668091859470831	-4.013275059848594	-7.457732789813321	-4.5841654882077	-4.964069223142754	-22764.023418888097	-4.162826728528812
Hdac2	-3.7666120623555135	-49070.5836083942	-5.364681963439133	-3.668091859470831	-35908.29622476326	-7.457732789813321	-4.5841654882077	-4.964069223142754	-2.9026579134742634	-4.162826728528812
Hes7	-3.7666120623555135	-49070.5836083942	-73973.22298941846	-3.6468180780848023	-35908.29622476326	-7.457732789813321	-4.5841654882077	-75568.90807569148	1.607714364142698	-2.6849525871919036
Hesx1	-3.7666120623555135	-5.258466937861692	-5.364681963439133	-3.668091859470831	-4.013275059848594	-7.457732789813321	-4.5841654882077	-4.964069223142754	-2.9026579134742634	-4.162826728528812
Hif1a	-3.7666120623555135	-5.258466937861692	-5.364681963439133	-3.668091859470831	-4.013275059848594	-7.457732789813321	-4.5841654882077	-4.964069223142754	-2.9026579134742634	-4.162826728528812
Hlf	-3.7666120623555135	-5.258466937861692	-5.364681963439133	-3.668091859470831	-4.013275059848594	-7.457732789813321	-4.5841654882077	-4.964069223142754	-2.9026579134742634	-4.162826728528812
Hlx	-3.7666120623555135	-5.258466937861692	-3.0781468058771377	-3.668091859470831	-4.013275059848594	-7.457732789813321	-4.5841654882077	-4.964069223142754	-22764.023418888097	-4.162826728528812
Hnf1b	-40246.99510903507	-5.258466937861692	-5.326687897355964	-3.668091859470831	-4.013275059848594	-7.457732789813321	-4.5841654882077	-0.8881833160032927	-2.9026579134742634	-57511.31147960366
Homez	-3.7666120623555135	-5.258466937861692	-5.364681963439133	-2.221073195077922	-35908.29622476326	-7.457732789813321	-4.5841654882077	-4.964069223142754	-2.9026579134742634	-57511.31147960366
Hoxa1	-3.7572895208250636	-49070.5836083942	-73973.22298941846	-38362.016172087155	-4.013275059848594	-103740.74381621314	-40391.08785111857	0.5493922142207223	-2.9026579134742634	-4.162826728528812
Hoxa13	-3.7666120623555135	-5.258466937861692	-5.364681963439133	-38362.016172087155	-35908.29622476326	-103740.74381621314	-40391.08785111857	-4.964069223142754	-2.9026579134742634	-4.162826728528812
Hoxa2	-3.7666120623555135	-49070.5836083942	-73973.22298941846	-38362.016172087155	-4.013275059848594	-103740.74381621314	1.1817277123054093	-4.964069223142754	-2.13370340435849	-4.162826728528812
Hoxa3	-3.7006735365884347	-49070.5836083942	0.8162181281609407	-38362.016172087155	-4.013275059848594	-103740.74381621314	-40391.08785111857	-4.964069223142754	-2.9026579134742634	-3.633981132307478
Hoxa4	-3.7145849925309538	-49070.5836083942	-73973.22298941846	-38362.016172087155	-4.013275059848594	-103740.74381621314	-40391.08785111857	-4.964069223142754	-2.9026579134742634	-3.671373685288321
Hoxa5	-3.7666120623555135	-49070.5836083942	-5.364681963439133	-38362.016172087155	-4.013275059848594	-103740.74381621314	-40391.08785111857	-4.964069223142754	-2.9026579134742634	-3.5104245746733604
Hoxa6	-3.7666120623555135	-49070.5836083942	-73973.22298941846	-38362.016172087155	-35908.29622476326	-2.739845215560424	-4.5841654882077	-4.774840267452721	-2.9026579134742634	-4.162826728528812
Hoxa7	-3.7666120623555135	-5.2584669378557525	-73973.22298941846	-38362.016172087155	-4.013275059848594	-103740.74381621314	-40391.08785111857	-4.964069223142754	-1.4312208303230562	-3.321338863777516
Hoxa9	-3.7666120623555135	-5.208694624871187	-73973.22298941846	-3.256270374481756	-4.013275059848594	-103740.74381621314	-40391.08785111857	0.5604013887738525	-2.9026579134742634	-4.162826728528812
Hoxb2	0.4427400813999916	-49070.5836083942	-73973.22298941846	-38362.016172087155	-4.013275059848594	-0.09002309679879175	-40391.08785111857	-4.964069223142754	-2.9026579134742634	-4.162826728528812
Hoxb3	-3.7666120623555135	-49070.5836083942	-73973.22298941846	-38362.016172087155	-4.013275059848594	0.8219785716843699	-40391.08785111857	-4.964069223142754	-2.9026579134742634	-3.65260485650029
Hoxb4	-3.6326373720893317	-49070.5836083942	-73973.22298941846	-38362.016172087155	-4.013275059848594	-103740.74381621314	1.4608806716237726	-4.964069223142754	-2.9026579134742634	-3.651268958292003
Hoxb5	-3.6061636333161857	-4.9993213953849205	-5.364681963439133	-38362.016172087155	-4.013275059848594	-103740.74381621314	-40391.08785111857	-4.964069223142754	-2.9026579134742634	-4.162826728528812
Hoxb6	-3.7002233143564305	-49070.5836083942	-73973.22298941846	-38362.016172087155	-4.013275059848594	-7.302826053654782	-40391.08785111857	-4.964069223142754	-2.9026579134742634	-3.651434977680587
Hoxb7	-3.7666120623555135	-49070.5836083942	-73973.22298941846	-38362.016172087155	-4.013275059848594	-7.457732789813321	-40391.08785111857	-4.964069223142754	-2.9026579134742634	-4.162826728528812
Hoxb8	-2.644178653831653	0.6396214637262883	-73973.22298941846	-38362.016172087155	-3.6733619585853194	-7.457732789813321	-40391.08785111857	-4.964069223142754	-2.07504152357482	-4.162826728528812
Hoxc13	-3.7666120623555135	-5.258466937861692	-73973.22298941846	-3.668091859470831	-4.013275059848594	-7.457732789813321	-40391.08785111857	-75568.90807569148	-1.8360006293206077	-4.162826728528812
Hoxc4	-3.6366434640403447	-49070.5836083942	-5.364681963439133	-3.6680918594708087	-4.013275059848594	-7.457732789813321	-40391.08785111857	-4.964069223142754	-2.9026579134742634	-3.418691912660728
Hoxc5	-3.7666120623555135	-49070.5836083942	-5.364681963439133	-3.668091859470831	-4.013275059848594	-7.457732789813321	-4.5841654882077	-4.964069223142754	-2.9026579134742634	-4.162826728528812
Hoxc6	-3.7666120623555135	-5.1492451597523665	-3.649080118094734	-38362.016172087155	-4.013275059848594	-7.457732789813321	-40391.08785111857	-75568.90807569148	-2.9026579134742634	-4.162826728528812
Hoxc8	-2.8399569242959957	-5.2584669378613	-3.9320287700080234	-38362.016172087155	-4.013275059848594	-7.457732789813321	-4.5841654882077	-75568.90807569148	-22764.023418888097	-4.162826728528812
Hoxc9	-3.7666120623555135	-5.258466937861692	-5.364681963439133	-38362.016172087155	-4.013275059848594	-7.457732789813321	-40391.08785111857	-3.852512480804669	-2.9026579134742634	-4.162826728528812
Hoxd10	-3.7666120623555135	-5.258466937861692	-73973.22298941846	-3.668091859470831	-4.013275059848594	-7.457732789813321	-4.5841654882077	-4.964069223142754	-2.9026579134742634	-57511.31147960366
Hoxd11	-2.162634328268288	-5.258466937861692	-3.7964181343209664	-3.668091859470831	-3.018796115438229	-7.457732789813321	-4.5841654882077	-75568.90807569148	0.8153341982261033	-4.162826728528812
Hoxd4	-3.7666120623555135	-5.258466937861692	-73973.22298941846	-3.668091859470831	-4.013275059848594	-7.457732789813321	-4.5841654882077	-4.964069223142754	-2.9026579134742634	-4.162826728528812
Hoxd8	-3.7666120623555135	-49070.5836083942	-73973.22298941846	1.433972109435184	-4.013275059848594	-7.457732789813321	-4.5841654882077	-75568.90807569148	-2.9026579134742634	-3.142531594862213
Hoxd9	-3.5812355612979854	-5.258466937861692	-73973.22298941846	-3.668091859470831	-4.013275059848594	-7.457732789813321	-4.5841654882077	-75568.90807569148	-2.9026579134742634	-2.8575323612204504
Irf1	-40246.99510903507	-49070.5836083942	-5.364681963439133	-3.668091859470831	-4.013275059848594	-103740.74381621314	-0.3550712060052236	-0.8847272537345579	0.18810610785387943	-4.162826728528812
Irf3	-3.7666120623555135	-4.942108183619629	-73973.22298941846	-3.668091859470831	-3.5249672118114708	-103740.74381621314	-4.5841654882077	-4.964069223142754	-2.9026579134742634	-2.247199862306568
Irf4	-3.7666120623555135	-5.258466937861692	-5.364681963439133	-3.615967868459051	-4.013275059848594	-7.457732789813321	-40391.08785111857	-4.4660330905215355	-22764.023418888097	-57511.31147960366
Irf5	-3.7666120623555135	-49070.5836083942	-5.364681963439133	-3.668091859470831	-4.013275059848594	-7.457732789813321	-4.5841654882077	-4.45339073011287	-22764.023418888097	-4.162826728528812
Irf6	-3.7666120623555135	-49070.5836083942	-73973.22298941846	-3.668091859470831	-4.013275059848594	-7.276404732347409	-4.5841654882077	-75568.90807569148	-2.9026579134742634	-4.162826728528812
Irf7	-3.610482138164114	-49070.5836083942	-5.364681963439133	-3.668091859470831	-4.013275059848594	-7.457732789813321	-1.3035158786479415	-4.964069223142754	-22764.023418888097	-57511.31147960366
Irf8	-3.7666120623555135	-5.258466937861692	-5.364681963439133	-3.397620914574756	-2.594538682730423	-6.413789426313953	-40391.08785111857	-4.067751670262603	-22764.023418888097	-4.162826728528812
Isx	-3.7666120623555135	-49070.5836083942	-5.364681963439133	-3.668091859470831	-4.013275059848594	-7.457732789813321	-4.5841654882077	-4.964069223142754	-2.9026579134742634	-4.162826728528812
Jdp2	-3.7666120623555135	-5.258466937861692	-73973.22298941846	-3.668091859470831	-4.013275059848594	-7.457732789813321	-4.5841654882077	-4.964069223142754	-2.9026579134742634	-4.162826728528812
Klf1	-3.7666120623555135	-5.258466937861692	1.3340656882268063	-38362.016172087155	-35908.29622476326	-103740.74381621314	-4.5841654882077	-4.2239757553415025	-2.9026579134742634	-4.162826728528812
Klf10	-40246.99510903507	-5.258466937861692	-1.7403822620313765	-3.668091859470831	0.6895697832162414	-7.457732789813321	-4.5841654882077	-4.964069223142754	-22764.023418888097	-4.162826728528812
Klf11	-40246.99510903507	-5.258466937861692	-2.8709849221622488	-3.668091859470831	-0.775872607046353	-7.457732789813321	-4.5841654882077	-4.964069223142754	-22764.023418888097	-4.162826728528812
Klf12	-3.7666120623555135	-5.258466937861692	-0.5516002185264858	-38362.016172087155	-4.013275059848594	-103740.74381621314	-4.5841654882077	-4.647038753763716	-2.9026579134742634	-4.162826728528812
Klf13	-40246.99510903507	-5.258466937861692	-1.5904107913496848	-3.668091859470831	0.8698186838478806	-7.457732789813321	-4.5841654882077	-4.964069223142754	-22764.023418888097	-4.162826728528812
Klf2	-3.7666120623555135	-5.258466937861692	0.5909123893369197	-3.668091859470831	-2.0302759833738278	-103740.74381621314	-4.5841654882077	-4.685737776332214	-22764.023418888097	-4.162826728528812
Klf3	-3.7666120623555135	-5.258466937861692	-5.364681963439133	-3.668091859470831	-35908.29622476326	-103740.74381621314	-4.5841654882077	-4.049381657076671	-22764.023418888097	-4.162826728528812
Klf4	-3.7666120623555135	-5.258466937861692	-5.364681963439133	-3.668091859470831	-35908.29622476326	-103740.74381621314	-4.5841654882077	-4.964069223142754	1.501645082070278	-4.162826728528812
Klf5	-3.7666120623555135	-5.258466937861692	-5.364681963439133	-3.668091859470831	-4.013275059848594	-7.457732789813321	-4.5841654882077	-4.964069223142754	-2.9026579134742634	-4.162826728528812
Klf6	-2.9603338872519407	-5.258466937861692	-3.278840071277561	-2.3987172517891198	-35908.29622476326	-5.542224038754362	-4.5841654882077	-4.242293574319026	-22764.023418888097	-4.162826728528812
Klf7	-3.7666120623555135	-5.258466937861692	0.45568365777329156	-3.668091859470831	-35908.29622476326	-103740.74381621314	-4.5841654882077	-4.964069223142754	-2.388337529131016	-4.162826728528812
Klf8	-2.0005126004148366	-5.258466937861692	-2.7708805097700315	-3.668091859470831	-35908.29622476326	-103740.74381621314	-4.5841654882077	-4.964069223142754	-22764.023418888097	-4.162826728528812
Klf9	-3.7666120623555135	-5.258466937861692	-5.364681963439133	-3.668091859470831	-4.013275059848594	-7.457732789813321	-4.5841654882077	-4.964069223142754	-2.9026579134742634	-4.162826728528812
Lbx2	-3.7666120623555135	-5.258466937861692	-0.40003790074113676	-3.668091859470831	-35908.29622476326	-103740.74381621314	-4.5841654882077	-4.964069223142754	1.520530454711208	-4.162826728528812
Lhx1	-3.7666120623555135	-5.074509616725437	-5.364681963439133	-38362.016172087155	-4.013275059848594	-7.457732789813321	-40391.08785111857	-3.8612442947695946	-0.3319072108313306	-4.162826728528812
Lhx2	-3.7666120623555135	-5.258466937861692	-5.364681963439133	-3.6680917769973114	-35908.29622476326	-7.457732789813321	-40391.08785111857	-4.964069223142754	-2.9026579134742634	-3.3798076264618233
Lhx4	-3.7666120623555135	-5.258466937861692	-5.364681963439133	-38362.016172087155	-35908.29622476326	-7.457732789813321	-40391.08785111857	-4.225412552127674	-2.9026579134742634	-4.162826728528812
Lhx6	-3.7666120623555135	-5.258466937861692	-73973.22298941846	-3.668091859470831	-4.013275059848594	-103740.74381621314	-4.5841654882077	-4.964069223142754	-0.4354410755656814	-2.9271067216543663
Lhx9	-3.27520880833625	-5.258466937861692	0.3010953650498056	-38362.016172087155	-4.013265814863172	-7.457732789813321	-4.5841654882077	-4.964069223142754	-2.9026579134742634	-3.028095706293652
Lyl1	-3.7666120623555135	-5.258466937861692	-5.364681963439133	-3.668091859470831	-4.013275059848594	-0.8538648001580846	-3.063551154692692	-4.511990530995048	-22764.023418888097	-4.162826728528812
Maf	-3.7666120623555135	-5.258466937861692	-3.4924470490841797	-3.6680789009767003	-4.013275059848594	-7.455416315389221	-40391.08785111857	-4.964069223142754	-22764.023418888097	-4.162826728528812
Mafa	-3.7666120623555135	-5.258466937861692	-3.738505912257873	-3.668091747475298	-4.013275059848594	-7.457732789813321	-40391.08785111857	-4.964069223142754	-22764.023418888097	-4.162826728528812
Mafb	-3.7666120623555135	-5.258466937861692	-3.6193629677653165	-3.6680915656850885	-4.013275059848594	-7.457732789813321	-40391.08785111857	-4.964069223142754	-22764.023418888097	-4.162826728528812
Maff	-3.7666120623555135	-5.258466937861597	-3.6944395147735976	-3.6679221705683793	-4.013275059848594	-7.45773277723837	-40391.08785111857	-4.964069223142754	-22764.023418888097	-3.412112146617153
Mafg	-3.7666120623555135	-5.258466937861692	-3.4181543988275656	-3.6680918551325847	-4.013275059848594	-7.457732789813321	-40391.08785111857	-4.964069223142754	-22764.023418888097	-4.162826728528812
Mafk	-3.7666120623555135	-5.258466937861692	-3.6687043933190244	-3.668090100563699	-4.013275059848594	-7.457732789813321	-40391.08785111857	-4.964069223142754	-22764.023418888097	-3.4953552674839705
Max	-40246.99510903507	-5.258466937861692	-5.364681963439133	-3.3872129803042332	-35908.29622476326	-3.327480768860113	0.9692447329644625	-75568.90807569148	0.41395149390265773	-57511.31147960366
Maz	-3.7666120623555135	-5.258466937861692	-5.364681963439133	-3.668091859470831	-4.013275059848594	-7.457732789813321	-4.5841654882077	-4.964069223142754	-2.9026579134742634	-4.162826728528812
Meox1	-3.7666120623555135	-5.258466937861692	-73973.22298941846	-3.6680049601793603	-4.013275059848594	-103740.74381621314	-40391.08785111857	-4.964069223142754	-2.9026579134742634	-4.162826728528812
Meox2	-3.7666120623555135	-5.258466937861692	-5.364681963439133	-3.604804748302747	-4.013275059848594	-7.457732789464564	-40391.08785111857	-4.964069223142754	-2.9026579134742634	-2.950259840285918
Mga	-3.7666120623555135	-5.258466937861692	-73973.22298941846	-3.668080258214259	-35908.29622476326	-4.482554921314858	-40391.08785111857	-4.964069223142754	-1.9392780240451561	-57511.31147960366
Msc	-3.7666120623555135	-5.258466937861692	-5.364681963439133	-3.668091859470831	-4.013275059848594	-7.457732789813321	-4.5841654882077	-4.964069223142754	-2.9026579134742634	-4.162826728528812
Msx1	-3.608463675515127	-49070.5836083942	0.40250021867394603	0.06115574968744374	-4.013275059848594	-103740.74381621314	-40391.08785111857	-4.964069223142754	-2.9026579134742634	-3.36147073614905
Myb	-40246.99510903507	-5.258466937861692	-5.364681963439133	-3.668091859470831	-4.013275059848594	-7.414009590089138	-4.5841654882077	-4.964069223142754	0.07301924916096571	-57511.31147960366
Mybl1	-3.766608375647604	-49070.5836083942	-3.5244219328918183	-38362.016172087155	-35908.29622476326	1.6971139814668825	-40391.08785111857	-4.917645888559893	-1.6638224022255432	-0.7285666777582955
Mybl2	-3.7666120623555135	-49070.5836083942	-5.364681963439133	-2.8726951434514127	-35908.29622476326	-7.457732789813321	-40391.08785111857	-4.964069223142754	-22764.023418888097	-57511.31147960366
Myc	-3.7666120623555135	-5.258466937861692	-4.398801636351678	1.3776986302026137	-35908.29622476326	-7.457732789813321	-4.5841654882077	-4.964069223142754	-2.9026579134742634	-3.523023950734337
Mycn	-3.7666120623555135	-49070.5836083942	-5.364681963439133	-3.668091859470831	-4.013275059848594	-7.457732789813321	-4.5841654882077	-4.964069223142754	-2.9026579134742634	-4.162826728528812
Nfe2	-3.7666120623555135	-5.258466937861692	-5.364681963439133	-3.668091859470831	-35908.29622476326	-7.457732789813321	-4.5841654882077	-4.964069223142754	-2.9026579134742634	-3.635637262933327
Nfe2l2	-3.7666120623555135	-5.258466937861692	-5.364681963439133	-3.668091859470831	-35908.29622476326	-7.457732789813321	-4.5841654882077	-4.964069223142754	-2.9026579134742634	-3.607783396148241
Nfil3	-3.7666120623555135	-5.258466937861692	-5.364681963439133	-3.668091859470831	-4.013275059848594	-7.457732789813321	-4.5841654882077	-4.964069223142754	-2.9026579134742634	-4.162826728528812
Nhlh1	-3.7666120623555135	-5.258466937861692	-5.364681963439133	-3.6680918593157616	-4.013275059848594	-103740.74381621314	-40391.08785111857	-4.964069223142754	-2.9026579134742634	-3.4979925134302823
Nkx6-1	-3.7666120623555135	-49070.5836083942	-0.09919164766940403	-2.656417193809194	-4.013275059848594	-4.790772583837193	-40391.08785111857	-4.964069223142754	-2.9026579134742634	-57511.31147960366
Nkx6-2	-3.7666120584110083	-49070.5836083942	-5.364681963439133	-3.668091859470831	-4.013275059848594	-103740.74381621314	-4.5841654882077	-4.964069223142754	-2.9026579134742634	-4.162826728528812
Nobox	-3.7666120623555135	-49070.5836083942	-5.364681963439133	-38362.016172087155	-4.013275059848594	-7.457732789813321	-4.5841654882077	-4.187535936130546	-2.9026579134742634	-4.162826728528812
Npas2	-40246.99510903507	-49070.5836083942	-5.364681963439133	-38362.016172087155	-4.013275059848594	-7.457732789813321	0.6416485415818459	-75568.90807569148	-2.9026579134742634	-57511.31147960366
Nr1d1	-3.7666120623555135	-5.258466937861692	-5.364681963439133	-38362.016172087155	-4.013275059848594	-7.457732789813321	0.18834896379356508	-75568.90807569148	-2.9026579134742634	-57511.31147960366
Nr1d2	-3.7666120623555135	-5.258466937861692	-3.1240374287234065	-38362.016172087155	-35908.29622476326	-6.523867968063198	-40391.08785111857	1.591596433573287	-2.902628104963411	-57511.31147960366
Nr1h2	-3.606963103420827	-5.258466937861692	-2.864807943914778	-38362.016172087155	-4.013275059848594	-103740.74381621314	-4.5841654882077	-4.65114692132399	-2.9026579134742634	-4.162826728528812
Nr1h3	-3.7666120623555135	-5.258466937861692	-5.364681963439133	-38362.016172087155	-4.013275059848594	-7.457732789813321	-4.5841654882077	-4.04251198426826	-2.9026579134742634	-4.162826728528812
Nr1h4	-3.7666120623555135	-5.258466937861692	-3.240838476209099	-38362.016172087155	-4.013275059848594	-7.457732789813321	-4.5841654882077	-4.3014893449434375	-2.9026579134742634	-4.162826728528812
Nr1i2	-3.7666120623555135	-5.258466937861692	-5.364681963439133	-3.668091859470831	-4.013275059848594	-7.457732789813321	-4.5841654882077	-4.964069223142754	-2.9026579134742634	-4.162826728528812
Nr2c1	-3.7666120623555135	-5.258466937861692	-73973.22298941846	-3.0578839077204387	-4.013275059848594	-6.766867405004939	-4.584165488207015	-4.964069223142754	-22764.023418888097	-4.162826728528812
Nr2c2	-3.7666120623555135	-5.258466937861692	-73973.22298941846	-3.351933014561246	-4.013275059848594	-6.418085138551919	-4.5841654882077	-4.964069223142754	-22764.023418888097	-57511.31147960366
Nr2f1	-3.7666120623555135	-5.258466937861692	-73973.22298941846	-1.293664822569401	-4.013275059848594	-5.888143104343701	-4.5841654882077	-4.964069223142754	-2.9026579134742634	-4.162826728528812
Nr2f2	-3.7666120623555135	-5.258466937861692	-73973.22298941846	-1.280351477479789	-4.013275059848594	-5.8748685440931485	-4.5841654882077	-4.964069223142754	-2.9026579134742634	-4.162826728528812
Nr2f6	-3.7666120623555135	-5.2565061973855185	-73973.22298941846	-2.5525578392881716	-4.013275059848594	-6.524035903575572	-4.584123775182516	-4.964069223142754	-22764.023418888097	-4.162826728528812
Nr3c1	-3.4558161264239198	-5.258466937861692	-73973.22298941846	-38362.016172087155	1.2812548729894917	-103740.74381621314	0.4292844009293121	0.07068429420899401	0.489145476169333	-4.162826728528812
Nr3c2	-40246.99510903507	-5.258466937861692	-73973.22298941846	-38362.016172087155	-0.9123649505922378	-103740.74381621314	-1.9436470641865244	-75568.90807569148	-1.8926707426256835	-4.162826728528812
Nr4a1	-40246.99510903507	-5.258466937861692	-5.364681963439133	0.06431549393782963	1.3718344060218788	-7.457732789813321	-4.5841654882077	-75568.90807569148	-0.3147999727891635	-57511.31147960366
Nr4a2	-40246.99510903507	-5.258466937861692	-5.364681963439133	0.90651323942279	-3.6490477462268576	-7.457732789813321	-4.5841654882077	-75568.90807569148	0.44096106096080195	-57511.31147960366
Nr4a3	-40246.99510903507	-5.258466937861692	-5.364681963439133	1.2590646244016546	-35908.29622476326	-7.457732789813321	-4.5841654882077	-4.964069223142754	1.3669360945089175	-0.5840711447223859
Nr5a2	-40246.99510903507	-5.258466937861692	-73973.22298941846	-3.668091859470831	-4.013275059848594	-103740.74381621314	-3.1979717950951674	-4.964069223142754	-2.9026579134742634	-2.1778943500553605
Nr6a1	-3.678878013533065	-49070.5836083942	-5.364681963439133	-3.668091859470831	-35908.29622476326	-7.457732789813321	-4.5841654882077	-4.964069223142754	-0.6527488408608021	-4.162826728528812
Nrf1	-3.7666120623555135	-5.258466937861692	-73973.22298941846	-3.668091859470831	-35908.29622476326	-7.457732789813321	-40391.08785111857	-75568.90807569148	-1.553259262791061	-2.7250847555835076
Nrl	-3.7666120623555135	-5.258466937861692	-2.73482807676117	-3.668091859470831	-4.013275059848594	-7.457732789813321	-4.584165487318822	-4.964069223142754	-22764.023418888097	-4.162826728528812
Onecut1	-40246.99510903507	-5.258466937861692	-5.364681963439133	-3.668091859470831	-4.013275059848594	-7.457732789813321	-4.5841654882077	-75568.90807569148	-2.9026579134742634	-3.6803156874763534
Onecut2	-3.7666120623555135	-49070.5836083942	-1.908786975101733	-3.668091859470831	0.5960262391791545	-3.333261632969767	-40391.08785111857	-75568.90807569148	-0.03633207035033869	-3.3202796335078637
Onecut3	-3.7666120623555135	-49070.5836083942	-5.364681963439133	0.9852682021412996	-35908.29622476326	-7.363590141677026	1.2484610086219292	-4.8854628076998114	0.31560150799986225	-57511.31147960366
Otx1	-40246.99510903507	-5.258466937861692	-5.364681963439133	-3.668091859470831	-4.013275059848594	-7.457732789813321	-4.5841654882077	-4.964069223142754	-2.9026579134742634	-4.162826728528812
Otx2	-3.7666120623555135	-5.258466937861692	-5.364681963439133	-38362.016172087155	-4.013275059848594	-7.457732789813321	-4.5841654882077	-2.812884034319686	-2.9026579134742634	-4.162826728528812
Patz1	-3.7666120623555135	-5.258466937861692	-5.364681963439133	-3.668091859470831	-4.013275059848594	-7.457732789813321	-4.5841654882077	-4.964069223142754	-2.9026579134742634	-4.162826728528812
Pax3	-3.7666120623555135	-5.258466937861692	-0.7955038275998279	-38362.016172087155	-4.013275059848594	-103740.74381621314	-40391.08785111857	-75568.90807569148	-2.9026579134742634	-3.510460651826523
Pax5	-3.7666120623555135	-5.258466937861692	-5.364681963439133	-3.668091859470831	-4.013275059848594	-7.457732789813321	-4.5841654882077	-4.964069223142754	-2.9026579134742634	-4.162826728528812
Pax6	-3.7666120623555135	-49070.5836083942	-5.364681963439133	-3.668091859470831	-35908.29622476326	-7.457732789813321	-4.5841654882077	-4.964069223142754	-2.4358991453272965	-1.280275971353421
Pax8	-3.7666120623555135	-5.258466937861692	-5.364681963439133	-3.668091859470831	-4.013275059848594	-7.457732789813321	-4.5841654882077	-4.964069223142754	-2.9026579134742634	-4.162826728528812
Pbx1	-3.7666120623555135	-4.48322233244973	-5.364681963439133	-3.668091859470831	-4.013275059848594	-6.637489216124229	-4.5841654882077	-3.5394362815239715	-22764.023418888097	-4.162826728528812
Pbx2	-3.7666120623555135	-5.258466937861692	-5.364681963439133	-3.668091859470831	-4.013275059848594	-5.590199846829424	-4.5841654882077	-1.854225512032585	-22764.023418888097	-4.162826728528812
Pbx3	-3.7666120623555135	-5.258466937861692	-5.364681963439133	-3.668091859470831	0.22532900362508496	-4.692077138905402	-4.5841654882077	-0.5442651340258379	-22764.023418888097	-4.162826728528812
Pbx4	-3.7666120623555135	-5.258466937861692	-2.8520807820569685	-3.668091859470831	-4.013275059848594	-7.457732789813321	-4.5841654882077	-4.964069223142754	-22764.023418888097	-4.162826728528812
Pgr	-40246.99510903507	-5.258466937861692	1.0036737538835927	-3.668091859470831	-4.013275059848594	-103740.74381621314	-4.5841654882077	-4.964069223142754	-2.9026579134742634	-2.7491361904256184
Phox2a	-3.7666120623555135	-5.258466937861692	-5.364681963439133	-38362.016172087155	-4.013275059848594	-103740.74381621314	-4.5841654882077	-2.5626531195470386	-0.011676129052117103	-4.162826728528812
Pitx1	-40246.99510903507	-5.258466937861692	-5.364681963439133	-3.6680470804247105	-35908.29622476326	-7.457732789813321	-40391.08785111857	-4.964069223142754	-2.9026579134742634	-4.162826728528812
Pitx2	-3.7666120623555135	-49070.5836083942	-5.364681963439133	-3.668091859470831	-4.013275059848594	-7.457732789811942	-40391.08785111857	-4.964069223142754	-2.9026286554301084	1.6448584460729312
Plagl1	-3.7666120623555135	-5.258466937861692	-73973.22298941846	0.19221888885597188	-4.013275059848594	-5.283393031156967	-4.5841654882077	-4.964069223142754	-2.9026579134742634	-57511.31147960366
Pou2f1	-1.837985060256053	0.07787347484221366	-73973.22298941846	0.18426039593974253	0.04681294778620503	-103740.74381621314	-1.7920771152447372	-75568.90807569148	-1.1527344688654673	-57511.31147960366
Pou2f2	-3.7666120623555135	-5.258466937861692	-5.364681963439133	-3.668091859470831	-4.013275059848594	-7.281513684837133	-4.5841654882077	-4.964069223142754	-22764.023418888097	1.0620518996964612
Pou2f3	-3.7666120623555135	-49070.5836083942	-2.139538660412126	-38362.016172087155	-4.013275059848594	-7.457732789813321	-40391.08785111857	-4.96406922314269	-2.9026579134742634	-57511.31147960366
Pou3f1	-40246.99510903507	-49070.5836083942	-5.364681963439133	-3.668091859470831	-4.013275059848594	0.5022221700043958	-40391.08785111857	-75568.90807569148	-2.9026579134742634	-4.162826728528812
Pou3f2	-40246.99510903507	-5.258466937861692	-5.364681963439133	-3.668091859470831	-35908.29622476326	-7.444126261760884	-40391.08785111857	-4.964069223142754	-2.9026579134742634	1.1155700271227162
Pou3f3	-40246.99510903507	-49070.5836083942	-4.286794856072554	-38362.016172087155	-1.5877562543751784	-7.457732789813321	1.3904760400121314	-75568.90807569148	-2.1206972524196055	-4.162826728528812
Pou4f1	-3.7666120623555135	-5.258466937861692	-5.364681963439133	-3.668091859470831	-4.013275059848594	-7.457732789813321	-4.5841654882077	-4.964069223142754	-2.9026579134742634	-4.162826728528812
Pou4f2	-3.7666120623555135	-5.258466937861692	-5.364681963439133	-3.668091859470831	-4.013275059848594	-7.457732789813321	-4.5841654882077	-4.964069223142754	-2.9026579134742634	-4.162826728528812
Pou5f1	-3.7666120623555135	-5.258466937861692	-5.364681963439133	-3.668091859470831	-35908.29622476326	-7.457732789813321	-4.5841654882077	-4.964069223142754	-1.876174753292817	0.9262507357940823
Pou6f2	-3.7666120623555135	-49070.5836083942	-5.364681963439133	-38362.016172087155	-3.429232358797947	-103740.74381621314	-4.5841654882077	-3.9295990785799284	-1.2706586983933486	-4.162826728528812
Ppara	-3.7666120623555135	-5.258466937861692	-5.364681963439133	-38362.016172087155	-4.013275059848594	-6.1681537861382685	-40391.08785111857	-75568.90807569148	-2.9026579134742634	-57511.31147960366
Ppard	-3.7666120623555135	-5.258466937861692	-1.6253318177509988	-2.939213230817524	-35908.29622476326	-103740.74381621314	-0.4328846344673701	-75568.90807569148	-2.9026579134742634	-57511.31147960366
Pparg	-3.7666120623555135	-5.258466937861692	-5.364681963439133	-3.668091859470831	-35908.29622476326	-7.457732789813321	-4.5841654882077	-4.964069223142754	-2.9026579134742634	-2.058058771744
Prdm1	-3.7666120623555135	-5.258466937861692	-5.364681963439133	-3.668091859470831	-4.013275059848594	-7.457732789813321	-4.5841654882077	-4.964069223142754	-2.9026579134742634	-4.162826728528812
Prdm4	-3.7666120623555135	-5.258466937861692	-73973.22298941846	1.1538965617694457	-4.013275059848594	-7.457732789813321	-4.5841654882077	-4.964069223142754	-2.9026579134742634	-4.162826728528812
Prox1	-3.7666120623555135	-5.258466937861692	-73973.22298941846	-3.668091859470831	-35908.29622476326	-7.457732789813321	-4.5841654882077	-4.964069223142754	-22764.023418888097	-57511.31147960366
Prrx1	-3.7666120623555135	-5.258466937861692	-5.364681963439133	-38362.016172087155	-4.013275059848594	-7.457732789813321	-40391.08785111857	-4.544160808495534	-2.9026579134742634	-3.2666439465712376
Prrx2	-3.5390415882749324	-5.258466937861692	-5.364681963439133	-38362.016172087155	-4.013275059848594	-7.457732789813321	-40391.08785111857	-4.964069223142754	-2.9026579134742634	-3.1776750949009918
Rad21	-2.4213366255668403	-5.258466937861692	-5.364681963439133	-3.594096445808622	-4.013275059848594	-7.457732789813321	-4.5841654882077	-4.964069223142754	-22764.023418888097	-4.162826728528812
Rara	-1.331902541239124	-5.258466937861692	-5.364681963439133	-3.6680918594687935	-35908.29622476326	-103740.74381621314	-1.2180424369139697	-4.443882515448738	-22764.023418888097	-57511.31147960366
Rarb	-40246.99510903507	-5.258466937861692	-73973.22298941846	-1.1459412239073148	-4.013275059848594	-0.9438382751435912	0.6242343337566465	-4.964069223142754	1.3368492479841938	-57511.31147960366
Rarg	-40246.99510903507	-5.258466937861692	-73973.22298941846	0.6554535358813269	-2.8045406706730693	-103740.74381621314	0.7538921624682725	1.6583099409561395	-0.18351989151872394	-0.413374555206614
Rax	-3.7666120623555135	-5.249151688821214	-5.364681963439133	-38362.016172087155	-4.013275059848594	-7.457732789813321	-40391.08785111857	-3.902526287674442	-2.9026579134742634	-4.162826728528812
Rest	-40246.99510903507	-49070.5836083942	-4.933302243092099	-1.836579536360955	-35908.29622476326	-7.457732789813321	-4.5841654882077	-4.964069223142754	-2.4823632577154173	-4.162826728528812
Rfx1	-3.217465164676062	-5.258466937861692	-73973.22298941846	-3.6398290999528315	-35908.29622476326	-7.457732789813321	-4.5841654882077	-75568.90807569148	-22764.023418888097	-3.41462648874675
Rfx2	-2.6734686278041	-5.258466937861692	-3.854976537923628	-3.668091859470831	-35908.29622476326	-7.457732789813321	-4.5841654882077	-75568.90807569148	-0.044712917465707665	-2.5482015372620053
Rfx3	-2.8737616076657084	-5.258466937861692	-0.34223398253723036	-3.668091859470831	-2.852484377812959	-7.457732789813321	-4.5841654882077	-75568.90807569148	-22764.023418888097	-3.463790230832211
Rfx4	-3.7666120623555135	-5.258466937861692	-5.364681963439133	-3.668091859470831	-35908.29622476326	-7.457732789813321	-4.5841654882077	-75568.90807569148	-2.9026579134742634	-4.162826728528812
Rfx5	-40246.99510903507	-5.258466937861692	-2.6510725816371186	-3.668091859470831	-4.013275059848594	-4.529765404611663	-40391.08785111857	-4.964069223142754	-22764.023418888097	-57511.31147960366
Rfx7	-40246.99510903507	-5.258466937861692	-2.8262706824282646	-3.668091859470831	-4.013275059848594	-5.317733345063815	-0.9724063278622069	-4.964069223142754	-22764.023418888097	-57511.31147960366
Rora	-0.3835663733268666	-5.258466937861692	-0.7775060660269264	-38362.016172087155	-35908.29622476326	-7.400159913078037	-40391.08785111857	-75568.90807569148	-2.9026579134742634	-0.03281867314192991
Rorb	-40246.99510903507	-5.258466937861692	-5.364681963439133	-3.668091859470831	-4.013275059848594	-103740.74381621314	-40391.08785111857	-4.964069223142754	1.0200541650725614	-4.162826728528812
Rorc	-40246.99510903507	-5.258466937861692	0.9926071035381163	-3.668091859470831	-4.013275059848594	-7.457732789813321	-4.5841654882077	-75568.90807569148	-2.9026579134742634	-57511.31147960366
Rreb1	-2.4962169396143405	-5.174674282903868	-1.537186932332448	-3.668091859470831	-4.013275059848594	-103740.74381621314	-4.5841654882077	-75568.90807569148	1.5673676816659452	0.11624174337671848
Runx1	-40246.99510903507	-5.258466937861692	-5.364681963439133	-3.668091859470831	-35908.29622476326	-7.457732789813321	-4.5841654882077	-4.964069223142754	-22764.023418888097	-4.162826728528812
Runx2	-40246.99510903507	-5.258466937861692	-5.364681963439133	-3.668091859470831	-35908.29622476326	-7.457732789813321	-4.5841654882077	-4.964069223142754	-22764.023418888097	-4.162826728528812
Runx3	-3.7666120623555135	-5.258466937861692	-5.364681963439133	-3.668091859470831	-4.013275059848594	-7.457732789813321	-4.5841654882077	-4.964069223142754	-22764.023418888097	-57511.31147960366
Rxra	-40246.99510903507	-49070.5836083942	-2.441088470325243	-1.769351113855619	-35908.29622476326	-5.818847482746133	-0.05512707958093555	-4.964069223142754	-1.889401934352474	-57511.31147960366
Rxrb	-40246.99510903507	0.3762450919795096	-0.5404414898248984	-2.419113437706583	0.87365629575259	-2.1830005168876983	-2.234279101617575	-75568.90807569148	1.3523024925839748	-0.6172970576268011
Rxrg	-3.7666120623555135	-49070.5836083942	-4.289821243810228	-38362.016172087155	-4.013275059848594	-7.457732789813321	-40391.08785111857	-4.8360231614937685	-22764.023418888097	-4.162826728528812
Scrt1	-3.7666120623555135	-5.258466937861692	-5.364681963439133	-3.668091859470831	-4.013275059848594	-7.457732789813321	-4.5841654882077	-4.964069223142754	-2.9026579134742634	-4.162826728528812
Scrt2	-3.7666120623555135	-5.258466937861692	-5.364681963439133	-3.668091859470831	-4.013275059848594	-7.457732789813321	-4.5841654882077	-4.964069223142754	-2.9026579134742634	-4.162826728528812
Setdb1	-3.7666120623555135	-5.258466937861692	-5.364681963439133	-3.668091859470831	-35908.29622476326	-7.457732789813321	-40391.08785111857	-75568.90807569148	0.10645914495531277	-2.560826917652801
Shox2	-3.40348593640908	-5.258466937861692	-5.364681963439133	-38362.016172087155	-3.0672371037079005	-7.457732789813321	-40391.08785111857	-3.77676287955279	-0.7073966392280621	-4.162826728528812
Sin3a	-40246.99510903507	-5.258466937861692	0.9414612072038795	-38362.016172087155	-3.4836864547287756	0.8465028150829117	-4.5841654882077	-4.964069223142754	-1.2761002242629824	-4.162826728528812
Smad3	-3.7666120623555135	-5.258466916737104	-5.364681963439133	-38362.016172087155	-4.013275059848594	-7.457732789813321	-4.5841654882077	-3.283480402612314	-1.943077572793072	-4.162826728528812
Sox10	-3.7666120623555135	-5.258466937861692	-5.364681963439133	-38362.016172087155	-4.013275059848594	-103740.74381621314	-4.5841654882077	-3.5836172497159073	-2.9026579134742634	-4.162826728528812
Sox11	-3.7666120623555135	-5.258466937861692	-73973.22298941846	-2.6863724012864707	-4.013275059848594	-103740.74381621314	-4.5841654882077	-4.964069223142754	-2.9026579134742634	-4.162826728528812
Sox12	-3.3124294839024992	-49070.5836083942	-73973.22298941846	-38362.016172087155	-4.013275059848594	-7.457732789813321	-4.5841654882077	-1.494575447461237	-2.9026579134742634	-4.162826728528812
Sox15	-3.7666120623555135	-5.258466937861692	-5.364681963439133	-38362.016172087155	-35908.29622476326	-7.151547731729231	-4.5841654882077	-75568.90807569148	-1.4141609541651012	-4.162826728528812
Sox17	-3.7666120623555135	-5.258466937861692	-5.364681963439133	-3.6680918586917834	-4.013275059848594	-103740.74381621314	-4.5841654882077	-4.964069223142754	-2.9026579134742634	-4.162826728528812
Sox18	-3.7666120623555135	-5.258466937861692	-5.364681963439133	-3.401127012098925	-4.013275059848594	-103740.74381621314	-4.5841654882077	-4.964069223142754	-2.9026579134742634	-4.162826728528812
Sox2	-40246.99510903507	-5.258466937861692	-5.364681963439133	-3.668091859470831	-4.013275059848594	-7.457732789813321	-4.5841654882077	-4.964069223142754	-2.9026579134742634	-57511.31147960366
Sox21	-40246.99510903507	-5.258466937861692	-5.364681963439133	-3.668091859470831	-4.013275059848594	-7.457732789813321	-4.5841654882077	-4.964069223142754	-2.9026579134742634	-57511.31147960366
Sox4	-3.5300437856530116	-49070.5836083942	-73973.22298941846	-38362.016172087155	-4.013275059848594	-103740.74381621314	-4.5841654882077	0.8646630497940125	-2.9026579134742634	-4.162826728528812
Sox7	-3.7666120623555135	-5.258466937861692	-5.364681963439133	-3.2226211091260533	-4.013275059848594	-103740.74381621314	-4.5841654882077	-4.964069223142754	-2.9026579134742634	-4.162826728528812
Sox8	-3.7666120623555135	-49070.5836083942	-4.032457740326303	-3.668091859470831	1.3248302356893962	-7.457732789813321	-4.584165488047976	-4.867974766266151	-22764.023418888097	-4.162826728528812
Sox9	-3.1274282715334993	-5.258466937861692	1.0378184169299212	-38362.016172087155	-4.008390887257492	-7.457732789813321	-4.5841654882077	-4.964069223142754	-2.9026579134742634	-2.7723919511515556
Sp100	-3.7666120623555135	-5.258466937861692	-5.364681963439133	-3.6632712304416954	-35908.29622476326	-7.457732789813321	-40391.08785111857	-4.964069223142754	-2.9026579134742634	-3.1149678193714214
Spdef	-3.7666120623555135	-5.258466937861692	-1.3712131608696945	-3.668091859470831	-4.013275059848594	0.26421107476882333	-4.5841654882077	-75568.90807569148	-2.9026579134742634	-2.638850292393741
Spi1	-3.7666120623555135	-5.258466937861692	-5.364681963439133	-3.668091859470831	-35908.29622476326	-6.490851598507523	-4.5841654882077	-3.3224710326196267	0.30193542386881006	-4.162826728528812
Spib	-3.7666120623555135	-5.258466937861692	-5.364681963439133	-3.668091859470831	-4.013275059848594	-7.319684416185908	-4.5841654882077	-4.964069223142754	-22764.023418888097	-57511.31147960366
Spic	-3.7666120623555135	-5.258466937861692	-5.364681963439133	-3.668091859470831	-35908.29622476326	-4.398409190057902	-4.5841654882077	-0.7007484817931436	-22764.023418888097	-4.162826728528812
Srebf1	-40246.99510903507	-5.258466937861692	-5.364681963439133	1.3211696461775013	-35908.29622476326	-7.457732789813321	-4.5841654882077	-4.964069223142754	-2.9026579134742634	-57511.31147960366
Srebf2	-40246.99510903507	-5.258466937861692	-5.364681963439133	-0.5922361528508285	-35908.29622476326	-7.457732789813321	-4.5841654882077	-4.964069223142754	-22764.023418888097	-57511.31147960366
Tal1	-3.7666120623555135	-5.258466937861692	-73973.22298941846	-3.3019300870380444	-4.013275059848594	-103740.74381621314	-4.5841654882077	-4.964069223142754	-22764.023418888097	-4.162826728528812
Tal2	-3.7666120623555135	-5.258466937861692	-3.56108853170418	-3.668091859470831	-4.013275059848594	-6.935909758795046	-4.5841654882077	-4.964069223142754	-22764.023418888097	-4.162826728528812
Tbp	-40246.99510903507	-5.258466937861692	-1.1758512599441715	-2.181381183027939	-35908.29622476326	-103740.74381621314	1.4630736771160877	-75568.90807569148	0.2683459747854295	-4.162826728528812
Tbr1	-3.7666120623555135	-49070.5836083942	-5.364681963439133	-3.668091859470831	-35908.29622476326	-103740.74381621314	-40391.08785111857	-1.162411880615745	-2.1343047801733297	-4.162826728528812
Tbx1	-3.7666120623555135	-5.258466937861692	-73973.22298941846	-3.668091859470831	-4.013275059848594	-7.457732789813321	-4.5841654882077	-4.964069223142754	-2.9026579134742634	-4.162826728528812
Tbx15	-3.7666120623555135	-5.258466937861692	-5.364681963439133	-3.668091859470831	-4.013275059848594	-7.457732789813321	-4.5841654882077	-4.964069223142754	-2.9026579134742634	-4.162826728528812
Tbx18	-3.7666120623555135	-5.258466937861692	-5.364681963439133	-3.668091859470831	-4.013275059848594	-7.457732789813321	-4.5841654882077	-4.964069223142754	-2.9026579134742634	-4.162826728528812
Tbx2	-3.7666120623555135	-5.258466937861692	-5.364681963439133	-3.668091859470831	-4.013275059848594	-7.457732789813321	-4.5841654882077	-4.964069223142754	-2.9026579134742634	-4.162826728528812
Tbx20	-3.7666120623555135	-5.258466937861692	-5.364681963439133	-3.668091859470831	-4.013275059848594	-7.457732789813321	-4.5841654882077	-4.964069223142754	-2.9026579134742634	-4.162826728528812
Tbx21	-3.7666120623555135	-5.258466937861692	-5.364681963439133	-3.668091859470831	-4.013275059848594	-6.6233298696095	-4.5841654882077	-4.964069223142754	-22764.023418888097	-57511.31147960366
Tbx3	-3.7666120623555135	-5.258466937861692	-5.364681963439133	-3.668091859470831	-4.013275059848594	-7.457732789813321	-4.5841654882077	-4.964069223142754	-2.9026579134742634	-4.162826728528812
Tbx4	-3.7666120623555135	-5.258466937861692	-5.364681963439133	-3.668091859470831	-4.013275059848594	-7.457732789813321	-4.5841654882077	-4.964069223142754	-2.9026579134742634	-4.162826728528812
Tbx5	-3.7666120623555135	-5.258466937861692	-5.364681963439133	-3.668091859470831	-4.013275059848594	-7.457732789813321	-4.5841654882077	-4.964069223142754	-2.9026579134742634	-4.162826728528812
Tcf12	-3.7666120623555135	-5.258466937861692	-73973.22298941846	-1.2297229432278798	-35908.29622476326	-7.457732789813321	-4.5841654882077	-75568.90807569148	1.366683714720915	-57511.31147960366
Tcf21	-3.7666120623555135	-5.258466937861692	-5.364681963439133	-3.668091859470831	-4.013275059848594	-7.457732789813321	-4.5841654882077	-4.964069223142754	-2.9026579134742634	-4.162826728528812
Tcf3	-3.7666120623555135	-5.258466937861692	1.3071231663836915	-3.668091859470831	-35908.29622476326	-7.457732789813321	-4.5841654882077	-75568.90807569148	-22764.023418888097	-57511.31147960366
Tcf4	-3.7666120623555135	-5.258466937861692	-73973.22298941846	-1.4356314672281734	-4.013275059848594	-7.457732789813321	-4.5841654882077	-4.964069223142754	-22764.023418888097	-4.162826728528812
Tead1	-40246.99510903507	-49070.5836083942	-5.364681963439133	-38362.016172087155	-4.013275059848594	-7.263565125424395	0.3494452518054393	-75568.90807569148	-2.9026579134742634	-57511.31147960366
Tead2	1.1124678219521902	-4.417717257943518	-73973.22298941846	-38362.016172087155	-4.013275059848594	-103740.74381621314	1.0152156601790665	-4.964069223142754	-2.9026579134742634	-0.59325815191575
Tead3	-40246.99510903507	-49070.5836083942	0.2306919288578878	-38362.016172087155	-4.013275059848594	-7.457732788885439	-0.23220171435163467	-75568.90807569148	-2.9026579134742634	-57511.31147960366
Tead4	-40246.99510903507	-49070.5836083942	-5.364681963439133	-3.668091859470831	-4.013275059848594	-103740.74381621314	-4.5841654882077	-75568.90807569148	-2.9026579134742634	-3.295781686460709
Tef	-3.7666120623555135	-5.258466937861692	-5.364681963439133	-3.668091859470831	-4.013275059848594	-7.457732789813321	-4.5841654882077	-4.964069223142754	-2.9026579134742634	-4.162826728528812
Tfap2a	-40246.99510903507	-3.6522820043544577	-3.716383129744205	-1.3226299625383466	-35908.29622476326	-103740.74381621314	0.97567057433455	0.6908103785446379	-2.9026579134742634	-57511.31147960366
Tfap2b	-3.7666120623555135	-5.258466937861692	-73973.22298941846	-38362.016172087155	-4.013275059848594	-103740.74381621314	-40391.08785111857	0.39345561128996087	-2.9026579134742634	-1.538553807597148
Tfap2c	-3.7666120623555135	-5.258466937861692	-73973.22298941846	-3.339321092085413	-4.013275059848594	-6.897972251779771	-4.5841654882077	-75568.90807569148	-0.42284027855681017	-4.162826728528812
Tfap4	-40246.99510903507	-49070.5836083942	-2.0652969477525427	1.193850339961708	-4.013275059848594	-4.43745938525995	-4.5841654882077	-4.964069223142754	-22764.023418888097	-0.8756145565854231
Tfcp2	-3.7666120623555135	-5.258466937861692	-5.364681963439133	-3.668091859470831	-4.013275059848594	-6.473778361849936	-4.5841654882077	-4.964069223142754	-1.4204341177383584	-57511.31147960366
Thap1	-40246.99510903507	-5.258466937861692	-5.364681963439133	-3.668091859470831	-4.013275059848594	-7.457732789813321	-4.5841654882077	-4.964069223142754	-2.902629869352788	-1.686805199399489
Thra	-3.7666120623555135	-5.258466937861692	-5.364681963439133	-3.668091859470831	-4.013275059848594	-7.457732789813321	-4.5841654882077	-4.964069223142754	-2.9026579134742634	-4.162826728528812
Thrb	-3.7666120623555135	-5.258466937861692	-5.364681963439133	-3.668091859470831	-4.013275059848594	-7.457732789813321	-4.5841654882077	-4.964069223142754	-2.9026579134742634	-4.162826728528812
Trp53	-3.7666120623555135	-5.258466937861692	-2.50373699004652	-2.7708945772693885	-35908.29622476326	-103740.74381621314	-40391.08785111857	-4.107703251811587	-2.267272665325713	-57511.31147960366
Trp63	-3.7666120623555135	-5.258466937861692	-5.364681963439133	-3.6671912454049704	-4.013275059848594	-7.457732789813321	-40391.08785111857	-4.964069223142754	-2.9026579134742634	-2.96255288548797
Trp73	-3.7666120623555135	-5.258466937861692	-5.364681963439133	-3.668091859470831	-4.013275059848594	-7.457732789813321	-4.5841654882077	-4.964069223142754	-2.9026579134742634	-4.162826728528812
Uncx	-3.7666120623555135	-5.258466937861692	-73973.22298941846	-3.668091859470831	-35908.29622476326	-7.457732789813321	-4.5841654882077	-75568.90807569148	-2.05847902483086	-4.162826728528812
Vax2	-3.7666120623555135	-5.258466937861692	-5.364681963439133	-3.668091859470831	-4.013275059848594	-7.457732789813321	-4.5841654882077	-4.964069223142754	-2.9026579134742634	-4.162826728528812
Vdr	-40246.99510903507	-5.258466937861692	-5.364681963439133	-3.668091859470831	-4.013275059848594	-7.457732789813321	-4.5841654882077	-75568.90807569148	-2.9026579134742634	-3.9313949873448575
Vsx1	-3.7666120623555135	-49070.5836083942	-5.364681963439133	-38362.016172087155	-4.013275059848594	1.846671946373482	-4.5841654882077	-75568.90807569148	-1.2556362806315933	-4.162826728528812
Xbp1	-40246.99510903507	-5.258466937861692	-2.4382588259042306	-3.668091859470831	0.044304446976459286	-7.457732789813321	-4.5841654882077	-4.964069223142754	-22764.023418888097	-0.9547395344070029
Yy1	-40246.99510903507	0.9074717942710032	1.3233658913744704	-2.1443271975810028	0.6373390434354532	-103740.74381621314	-0.987228777009165	-75568.90807569148	0.12858294615052987	-4.162826728528812
Zbtb14	-40246.99510903507	-5.258466937861692	-2.1096989532175336	-3.668091859470831	0.2959538334452235	-7.457732789813321	-4.5841654882077	-4.964069223142754	-22764.023418888097	-0.42235563868052284
Zbtb33	-3.7666120623555135	-49070.5836083942	-5.364681963439133	-3.668091859470831	-4.013275059848594	-7.457732789813321	-4.5841654882077	-4.964069223142754	-2.9026579134742634	-4.162826728528812
Zbtb49	-3.7666120623555135	-5.258466937861692	-5.364681963439133	-3.668091859470831	-4.013275059848594	-7.457732789813321	-4.5841654882077	-4.964069223142754	-2.9026579134742634	-4.162826728528812
Zbtb7a	-40246.99510903507	-5.258466937861692	-4.082395527840009	-3.668091859470831	-4.013275059848594	-7.457732789813321	-4.5841654882077	-75568.90807569148	-2.9026579134742634	-57511.31147960366
Zbtb7b	-40246.99510903507	-49070.5836083942	-5.364681963439133	-3.668091859470831	-4.013275059848594	-7.457732789813321	-4.5841654882077	-75568.90807569148	-1.0853988720788352	-57511.31147960366
Zfp105	-3.7666120623555135	-5.258466937861692	-73973.22298941846	0.15857274385466336	-35908.29622476326	-103740.74381621314	-40391.08785111857	-4.964069223142754	-0.5962774217030941	-4.162826728528812
Zfp128	-40246.99510903507	-49070.5836083942	-73973.22298941846	-3.668091859470831	-4.013275059848594	-7.341748456797174	-40391.08785111857	-3.0486886129034834	-2.9026579134742634	-3.320814318729661
Zfp3	-3.7666120623555135	-5.258466937861692	-5.364681963439133	-3.668091859470831	-35908.29622476326	-7.457732789813321	-4.5841654882077	-4.964069223142754	-2.9026579134742634	-4.162826728528812
Zic1	-3.7666120623555135	-5.258466937861692	-5.364681963439133	-38362.016172087155	-35908.29622476326	-7.457732789813321	-4.5841654882077	-75568.90807569148	-2.9026579134742634	-4.162826728528812
Zic2	-40246.99510903507	-5.258466937861692	-73973.22298941846	1.0409886000227333	-4.013275059848594	-3.126560344482593	-4.5841654882077	-4.964069223142754	-2.288640152669236	-57511.31147960366
Zic3	-3.7666120623555135	-5.258466937861692	-5.002715803475728	-38362.016172087155	-4.013275059848594	-7.457732789813321	-4.5841654882077	-75568.90807569148	-22764.023418888097	-4.162826728528812
Zic4	-3.7666120623555135	-5.258466937861692	-5.364681963439133	-3.668091859470831	-4.013275059848594	-103740.74381621314	-4.5841654882077	-4.964069223142754	-2.9026579134742634	-4.162826728528812
Zscan22	-3.7666120623555135	-4.274751253451707	-73973.22298941846	-1.5096096743210605	-4.013275059848594	-6.106666432833486	-4.5841654882077	-4.964069223142754	-2.9026579134742634	-4.162826728528812
